0,1,0,1.7948e-17,0,3.2212e-34,0
0.028131,1,0.00079085,3.1273e-07,8.2441e-11,1.63e-14,2.5781e-18
0.056262,1,0.0031635,5.0037e-06,5.2764e-09,4.1729e-12,2.6401e-15
0.084393,1,0.0071178,2.5332e-05,6.01e-08,1.0695e-10,1.5224e-13
0.11252,1,0.012654,8.0059e-05,3.3768e-07,1.0682e-09,2.7035e-12
0.14065,1,0.019771,0.00019546,1.2881e-06,6.3673e-09,2.5178e-11
0.16879,1,0.028471,0.0004053,3.8465e-06,2.7377e-08,1.559e-10
0.19692,1,0.038752,0.00075087,9.6993e-06,9.3967e-08,7.2828e-10
0.22505,1,0.050615,0.0012809,2.1612e-05,2.7347e-07,2.7683e-09
0.25318,1,0.06406,0.0020518,4.3814e-05,7.0167e-07,8.9897e-09
0.28131,1,0.079087,0.0031273,8.2443e-05,1.63e-06,2.5783e-08
0.30944,1,0.095694,0.0045788,0.00014605,3.4941e-06,6.6873e-08
0.33757,1,0.11389,0.0064848,0.00024617,7.0088e-06,1.5963e-07
0.3657,1,0.13365,0.008932,0.00039794,1.3297e-05,3.5543e-07
0.39383,1,0.15501,0.012014,0.00062075,2.4055e-05,7.4576e-07
0.42196,1,0.17795,0.015832,0.00093907,4.1776e-05,1.4868e-06
0.45009,1,0.20246,0.020495,0.0013831,7.0008e-05,2.8348e-06
0.47823,1,0.22856,0.02612,0.00199,0.00011371,5.1977e-06
0.50636,1,0.25624,0.032829,0.002804,0.00017962,9.2055e-06
0.53449,1,0.2855,0.040755,0.0038786,0.00027683,1.5807e-05
0.56262,1,0.31634,0.050036,0.0052763,0.00041728,2.6401e-05
0.59075,1,0.34877,0.06082,0.0070707,0.00061652,4.3004e-05
0.61888,1,0.38278,0.073259,0.0093473,0.0008945,6.8478e-05
0.64701,1,0.41837,0.087516,0.012204,0.0012765,0.00010681
0.67514,1,0.45554,0.10376,0.015755,0.0017942,0.00016347
0.70327,1,0.4943,0.12216,0.020128,0.0024872,0.00024589
0.7314,1,0.53462,0.14291,0.025467,0.0034039,0.00036396
0.75953,1,0.57653,0.1662,0.03194,0.0046036,0.00053083
0.78767,1,0.62002,0.19222,0.039728,0.0061582,0.00076365
0.8158,1,0.66512,0.22119,0.049038,0.0081541,0.0010847
0.84393,1,0.71178,0.25332,0.060101,0.010695,0.0015224
0.87206,1,0.76002,0.28882,0.073169,0.013902,0.0021132
0.90019,1,0.80984,0.32792,0.088522,0.017922,0.0029029
0.92832,1,0.86125,0.37087,0.10647,0.022925,0.0039488
0.95645,1,0.91425,0.41792,0.12736,0.029108,0.0053226
0.98458,1,0.9688,0.46928,0.15155,0.036705,0.007112
1.0127,0.97564,1,0.51247,0.17509,0.044865,0.0091968
1.0408,0.92361,1,0.54136,0.19537,0.052881,0.011451
1.069,0.87567,1,0.571,0.21736,0.062058,0.014174
1.0971,0.83131,1,0.60145,0.24116,0.072524,0.017448
1.1252,0.79028,1,0.63269,0.26687,0.084423,0.021365
1.1534,0.75222,1,0.66472,0.29457,0.097902,0.026031
1.1815,0.71679,1,0.69753,0.32437,0.11313,0.031566
1.2096,0.68384,1,0.73116,0.35638,0.13029,0.038103
1.2378,0.65314,1,0.76556,0.39071,0.14956,0.045798
1.2659,0.62441,1,0.80074,0.42747,0.17115,0.054818
1.294,0.59757,1,0.83672,0.46675,0.19527,0.065353
1.3222,0.5724,1,0.87353,0.50869,0.22217,0.077625
1.3503,0.54881,1,0.91107,0.55336,0.25208,0.091867
1.3784,0.52664,1,0.94946,0.60096,0.28528,0.10834
1.4065,0.50577,1,0.98857,0.65152,0.32204,0.12735
1.4347,0.47266,0.97231,1,0.68567,0.35262,0.14507
1.4628,0.43733,0.93523,1,0.71284,0.3811,0.163
1.4909,0.40525,0.9003,1,0.74054,0.41126,0.18273
1.5191,0.37606,0.86723,1,0.76873,0.44318,0.20442
1.5472,0.34944,0.83597,1,0.79744,0.47695,0.2282
1.5753,0.32514,0.80642,1,0.82673,0.51258,0.25426
1.6035,0.30292,0.77838,1,0.85652,0.5502,0.28275
1.6316,0.28257,0.75177,1,0.88684,0.58986,0.31385
1.6597,0.26389,0.72649,1,0.91765,0.6316,0.34775
1.6879,0.24673,0.70249,1,0.94905,0.67553,0.38465
1.716,0.23095,0.67963,1,0.98094,0.72169,0.42475
1.7441,0.21355,0.64921,0.98683,1,0.76002,0.46209
1.7722,0.194,0.60898,0.95576,1,0.78477,0.49266
1.8004,0.17651,0.5718,0.92609,1,0.80984,0.52468
1.8285,0.16083,0.53738,0.89783,1,0.83534,0.55824
1.8566,0.14675,0.50554,0.8708,1,0.86123,0.59339
1.8848,0.13409,0.47605,0.84504,1,0.88752,0.63017
1.9129,0.12269,0.44866,0.82037,1,0.91425,0.66869
1.941,0.1124,0.42321,0.79676,1,0.94133,0.70887
1.9692,0.1031,0.39953,0.77412,1,0.9688,0.75087
1.9973,0.094689,0.37751,0.75251,1,0.99668,0.7947
2.0254,0.084948,0.34827,0.71393,0.97566,1,0.81997
2.0536,0.076076,0.32061,0.67562,0.94915,1,0.84291
2.0817,0.068229,0.29547,0.63982,0.92362,1,0.86617
2.1098,0.061282,0.27262,0.60637,0.89918,1,0.88975
2.1379,0.055122,0.25179,0.57507,0.87567,1,0.91364
2.1661,0.049645,0.23279,0.54575,0.85305,1,0.93781
2.1942,0.044775,0.21544,0.51831,0.8313,1,0.9623
2.2223,0.040437,0.19959,0.49257,0.81039,1,0.98711
2.2505,0.036123,0.18283,0.46271,0.78067,0.98786,1
2.2786,0.031902,0.16554,0.42947,0.74282,0.96357,1
2.3067,0.028218,0.15006,0.39898,0.70722,0.94021,1
2.3349,0.024997,0.13619,0.37101,0.67375,0.91776,1
2.363,0.022177,0.12375,0.34529,0.6423,0.89604,1
2.3911,0.019701,0.11257,0.32161,0.61255,0.87503,1
2.4193,0.017526,0.10251,0.29981,0.58455,0.85479,1
2.4474,0.015612,0.09346,0.27972,0.55814,0.83528,1
2.4755,0.013927,0.085295,0.26119,0.53321,0.81643,1
2.5037,0.012439,0.077924,0.24407,0.50966,0.7982,1
2.5318,0.011123,0.071255,0.22824,0.48737,0.78051,1
2.5599,0.0099603,0.06523,0.2136,0.46629,0.76348,1
2.588,0.0089287,0.059767,0.20004,0.44634,0.74695,1
2.6162,0.0080136,0.054816,0.18748,0.42745,0.73096,1
2.6443,0.0072012,0.050322,0.17583,0.40957,0.71552,1
2.6724,0.0064779,0.046237,0.16501,0.39258,0.70051,1
2.7006,0.0058342,0.042523,0.15496,0.37649,0.68602,1
2.7287,0.0052598,0.039139,0.14562,0.3612,0.67194,1
2.7568,0.0047469,0.036054,0.13693,0.34667,0.65828,1
2.785,0.0042888,0.033244,0.12884,0.33289,0.64507,1
2.8131,0.0038786,0.030675,0.1213,0.31977,0.63222,1
2.8412,0.0035113,0.028327,0.11427,0.30728,0.61977,1
2.8694,0.0031819,0.026181,0.10771,0.29542,0.60767,1
2.8975,0.0028861,0.024215,0.10158,0.28411,0.59594,1
2.9256,0.0026203,0.022413,0.095863,0.27333,0.58452,1
2.9537,0.0023812,0.020762,0.090514,0.26308,0.57344,1
2.9819,0.0021657,0.019245,0.085509,0.25328,0.56267,1
3.01,0.0019716,0.017853,0.080825,0.24395,0.55221,1
3.0381,0.0017966,0.016573,0.076438,0.23503,0.54203,1
3.0663,0.0016384,0.015395,0.072325,0.22653,0.53212,1
3.0944,0.0014954,0.01431,0.06847,0.2184,0.52251,1
3.1225,0.001366,0.01331,0.06485,0.21064,0.51312,1
3.1507,0.0012488,0.012389,0.061453,0.20321,0.50399,1
3.1788,0.0011426,0.011539,0.058263,0.19612,0.49511,1
3.2069,0.0010463,0.010753,0.055262,0.18933,0.48649,1
3.2351,0.00095876,0.010028,0.052442,0.18283,0.47806,1
3.2632,0.0008792,0.0093565,0.049783,0.1766,0.46983,1
3.2913,0.0008069,0.0087357,0.047284,0.17064,0.46184,1
3.3194,0.00074108,0.0081607,0.044932,0.16493,0.45404,1
3.3476,0.00068107,0.0076281,0.042713,0.15946,0.44645,1
3.3757,0.00062644,0.0071338,0.040623,0.15421,0.43905,1
3.4038,0.00057653,0.0066759,0.038649,0.14917,0.43181,1
3.432,0.000531,0.0062505,0.036788,0.14435,0.42478,1
3.4601,0.00048934,0.005855,0.035027,0.1397,0.41787,1
3.4882,0.0004513,0.005488,0.033368,0.13526,0.41118,1
3.5164,0.00041645,0.0051462,0.031796,0.13097,0.40461,1
3.5445,0.00038457,0.0048285,0.030313,0.12687,0.39822,1
3.5726,0.00035534,0.0045326,0.028908,0.12292,0.39197,1
3.6008,0.00032853,0.0042569,0.027579,0.11912,0.38588,1
3.6289,0.00030394,0.0040001,0.026321,0.11547,0.37992,1
3.657,0.00028134,0.0037603,0.025129,0.11196,0.37409,1
3.6851,0.00026059,0.0035367,0.024002,0.10858,0.3684,1
3.7133,0.00024152,0.0033279,0.02293,0.10532,0.36283,1
3.7414,0.00022396,0.0031331,0.021915,0.10219,0.35742,1
3.7695,0.00020779,0.0029508,0.020952,0.099175,0.35211,1
3.7977,0.00019291,0.0027804,0.020038,0.096271,0.3469,1
3.8258,0.00017918,0.002621,0.01917,0.093472,0.34182,1
3.8539,0.00016652,0.0024718,0.018345,0.090772,0.33685,1
3.8821,0.00015484,0.002332,0.017561,0.088167,0.33197,1
3.9102,0.00014406,0.0022012,0.016818,0.085659,0.32722,1
3.9383,0.00013408,0.0020785,0.016109,0.083233,0.32255,1
3.9665,0.00012488,0.0019635,0.015437,0.080903,0.31801,1
3.9946,0.00011635,0.0018555,0.014795,0.078642,0.31352,1
4.0227,0.00010847,0.0017543,0.014185,0.076469,0.30917,1
4.0509,0.00010117,0.0016591,0.013605,0.074366,0.30489,1
4.079,9.4406e-05,0.0015698,0.013051,0.072337,0.3007,1
4.1071,8.8134e-05,0.0014858,0.012524,0.070374,0.29659,1
4.1352,8.2319e-05,0.0014068,0.012021,0.068479,0.29257,1
4.1634,7.6924e-05,0.0013326,0.011542,0.066647,0.28864,1
4.1915,7.1916e-05,0.0012627,0.011085,0.064878,0.28477,1
4.2196,6.7262e-05,0.0011969,0.010649,0.063163,0.28098,1
4.2478,6.2939e-05,0.0011349,0.010233,0.061509,0.27728,1
4.2759,5.8917e-05,0.0010766,0.0098355,0.059902,0.27364,1
4.304,5.5179e-05,0.0010215,0.0094558,0.058354,0.27008,1
4.3322,5.1699e-05,0.00096971,0.0090933,0.056853,0.26659,1
4.3603,4.8457e-05,0.00092074,0.0087471,0.055399,0.26315,1
4.3884,4.5439e-05,0.00087454,0.0084159,0.053992,0.25979,1
4.4166,4.2627e-05,0.00083096,0.0080994,0.05263,0.25649,1
4.4447,4.0005e-05,0.0007898,0.0077967,0.05131,0.25325,1
4.4728,3.7558e-05,0.00075093,0.0075069,0.050032,0.25009,1
4.5009,3.5277e-05,0.00071421,0.0072299,0.048792,0.24696,1
4.5291,3.3144e-05,0.00067948,0.0069645,0.04759,0.24391,1
4.5572,3.1155e-05,0.00064662,0.0067107,0.046427,0.2409,1
4.5853,2.9295e-05,0.00061555,0.0064673,0.045298,0.23795,1
4.6135,2.7558e-05,0.00058619,0.0062346,0.044204,0.23507,1
4.6416,2.5932e-05,0.00055835,0.0060111,0.043141,0.23222,1
4.6697,2.4411e-05,0.000532,0.0057969,0.042111,0.22943,1
4.6979,2.2989e-05,0.00050705,0.0055919,0.041113,0.2267,1
4.726,2.1657e-05,0.0004834,0.005395,0.040142,0.224,1
4.7541,2.0409e-05,0.00046099,0.0052063,0.039199,0.22135,1
4.7823,1.9239e-05,0.00043974,0.0050252,0.038286,0.21876,1
4.8104,1.8143e-05,0.00041957,0.0048515,0.037399,0.21622,1
4.8385,1.7116e-05,0.00040046,0.0046847,0.036536,0.2137,1
4.8666,1.6151e-05,0.00038231,0.0045245,0.035697,0.21124,1
4.8948,1.5247e-05,0.00036508,0.0043709,0.034885,0.20882,1
4.9229,1.4398e-05,0.00034872,0.004223,0.034094,0.20644,1
4.951,1.36e-05,0.00033318,0.004081,0.033325,0.2041,1
4.9792,1.2851e-05,0.0003184,0.0039446,0.032578,0.20179,1
5.0073,1.2148e-05,0.00030439,0.0038137,0.031854,0.19955,1
5.0354,1.1486e-05,0.00029104,0.0036874,0.031147,0.19732,1
5.0636,1.0863e-05,0.00027835,0.0035662,0.030461,0.19513,1
5.0917,1.0278e-05,0.00026628,0.0034496,0.029793,0.19299,1
5.1198,9.7268e-06,0.0002548,0.0033375,0.029144,0.19087,1
5.148,9.208e-06,0.00024388,0.0032296,0.028512,0.18878,1
5.1761,8.7196e-06,0.00023347,0.0031256,0.027896,0.18674,1
5.2042,8.2595e-06,0.00022356,0.0030256,0.027298,0.18472,1
5.2324,7.8261e-06,0.00021413,0.0029294,0.026717,0.18275,1
5.2605,7.4173e-06,0.00020513,0.0028365,0.026149,0.18079,1
5.2886,7.0327e-06,0.00019658,0.0027474,0.025599,0.17888,1
5.3167,6.669e-06,0.0001884,0.0026612,0.02506,0.17699,1
5.3449,6.3262e-06,0.00018061,0.0025783,0.024537,0.17513,1
5.373,6.0027e-06,0.00017319,0.0024982,0.024026,0.1733,1
5.4011,5.6973e-06,0.0001661,0.0024213,0.02353,0.1715,1
5.4293,5.4089e-06,0.00015934,0.002347,0.023046,0.16973,1
5.4574,5.1365e-06,0.00015289,0.0022753,0.022575,0.16798,1
5.4855,4.8789e-06,0.00014672,0.0022061,0.022115,0.16626,1
5.5137,4.6358e-06,0.00014084,0.0021396,0.021668,0.16457,1
5.5418,4.4058e-06,0.00013522,0.0020752,0.021231,0.16291,1
5.5699,4.1882e-06,0.00012986,0.0020131,0.020805,0.16127,1
5.5981,3.9824e-06,0.00012473,0.0019531,0.020389,0.15965,1
5.6262,3.7877e-06,0.00011982,0.0018953,0.019985,0.15806,1
5.6543,3.6034e-06,0.00011514,0.0018394,0.01959,0.15649,1
5.6824,3.429e-06,0.00011065,0.0017854,0.019206,0.15494,1
5.7106,3.2637e-06,0.00010637,0.0017333,0.01883,0.15341,1
5.7387,3.1073e-06,0.00010227,0.001683,0.018464,0.15192,1
5.7668,2.9591e-06,9.8343e-05,0.0016343,0.018106,0.15045,1
5.795,2.8184e-06,9.4589e-05,0.0015873,0.017757,0.14898,1
5.8231,2.6852e-06,9.0995e-05,0.0015418,0.017416,0.14755,1
5.8512,2.5589e-06,8.7554e-05,0.0014979,0.017083,0.14613,1
5.8794,2.439e-06,8.4256e-05,0.0014554,0.016759,0.14473,1
5.9075,2.3254e-06,8.1101e-05,0.0014143,0.016442,0.14336,1
5.9356,2.2174e-06,7.8077e-05,0.0013745,0.016133,0.14201,1
5.9638,2.1151e-06,7.5176e-05,0.0013361,0.01583,0.14067,1
5.9919,2.0178e-06,7.2399e-05,0.0012988,0.015535,0.13935,1
6.02,1.9255e-06,6.9738e-05,0.0012629,0.015247,0.13806,1
6.0481,1.8377e-06,6.7185e-05,0.0012281,0.014965,0.13677,1
6.0763,1.7545e-06,6.4737e-05,0.0011943,0.01469,0.13551,1
6.1044,1.6752e-06,6.2388e-05,0.0011617,0.014421,0.13426,1
6.1325,1.6e-06,6.0137e-05,0.0011301,0.014158,0.13303,1
6.1607,1.5284e-06,5.7971e-05,0.0010995,0.013901,0.13182,1
6.1888,1.4604e-06,5.59e-05,0.0010698,0.01365,0.13063,1
6.2169,1.3956e-06,5.3906e-05,0.0010411,0.013405,0.12945,1
6.2451,1.334e-06,5.1994e-05,0.0010133,0.013165,0.12828,1
6.2732,1.2754e-06,5.0158e-05,0.00098633,0.01293,0.12713,1
6.3013,1.2195e-06,4.8394e-05,0.0009602,0.012701,0.126,1
6.3295,1.1664e-06,4.67e-05,0.00093487,0.012476,0.12488,1
6.3576,1.1158e-06,4.5073e-05,0.0009103,0.012257,0.12378,1
6.3857,1.0676e-06,4.3508e-05,0.00088652,0.012043,0.1227,1
6.4138,1.0217e-06,4.2004e-05,0.00086346,0.011833,0.12162,1
6.442,9.7796e-07,4.0559e-05,0.00084108,0.011627,0.12056,1
6.4701,9.3626e-07,3.917e-05,0.00081937,0.011427,0.11951,1
6.4982,8.965e-07,3.7834e-05,0.00079832,0.01123,0.11848,1
6.5264,8.586e-07,3.6547e-05,0.00077788,0.011037,0.11746,1
6.5545,8.2246e-07,3.5313e-05,0.0007581,0.010849,0.11646,1
6.5826,7.88e-07,3.4123e-05,0.00073885,0.010665,0.11546,1
6.6108,7.5514e-07,3.298e-05,0.00072021,0.010485,0.11448,1
6.6389,7.2367e-07,3.1876e-05,0.00070204,0.010307,0.11351,1
6.667,6.9374e-07,3.0817e-05,0.00068448,0.010135,0.11256,1
6.6952,6.6513e-07,2.9796e-05,0.00066741,0.009966,0.11161,1
6.7233,6.3783e-07,2.8813e-05,0.00065083,0.0098002,0.11068,1
6.7514,6.1173e-07,2.7867e-05,0.00063471,0.0096379,0.10976,1
6.7796,5.8681e-07,2.6956e-05,0.0006191,0.0094793,0.10885,1
6.8077,5.63e-07,2.6076e-05,0.00060387,0.0093231,0.10795,1
6.8358,5.4027e-07,2.523e-05,0.00058913,0.0091707,0.10707,1
6.8639,5.1854e-07,2.4415e-05,0.00057479,0.0090213,0.10619,1
6.8921,4.9777e-07,2.3629e-05,0.00056085,0.0088748,0.10533,1
6.9202,4.7791e-07,2.2872e-05,0.00054733,0.0087316,0.10447,1
6.9483,4.5892e-07,2.2142e-05,0.00053418,0.008591,0.10363,1
6.9765,4.4073e-07,2.1437e-05,0.00052137,0.0084534,0.10279,1
7.0046,4.2334e-07,2.0758e-05,0.00050892,0.0083182,0.10197,1
