           0   -69.600296  -0.32680607   0.85049421   -7.5799651   -9.1041374   -8.3756962
  0.00390625   -69.615593  -0.32999372   0.84534478   -7.5798054   -9.1096373   -8.3721886
   0.0078125    -69.63089  -0.32941839   0.84944975   -7.5798087   -9.1183128   -8.3737068
  0.01171875   -69.645821  -0.32951248   0.85767132   -7.5798845   -9.1231337   -8.3805809
    0.015625   -69.660713   -0.3345919   0.86236751   -7.5798645   -9.1212158   -8.3798513
  0.01953125   -69.675842  -0.34520593   0.86544871   -7.5798116   -9.1145344   -8.3695889
   0.0234375    -69.69059  -0.35733211   0.86947095   -7.5798311   -9.1078205    -8.365056
  0.02734375   -69.704559  -0.36518809   0.86909431   -7.5798492   -9.1062508   -8.3732815
     0.03125   -69.718597   -0.3667523   0.86272627   -7.5797858   -9.1116333   -8.3811378
  0.03515625   -69.733444  -0.36601046   0.86040598   -7.5796776   -9.1191492   -8.3778515
   0.0390625   -69.748566  -0.36871925   0.86853772   -7.5795383   -9.1208916   -8.3713436
  0.04296875   -69.763206  -0.37664747   0.87825918   -7.5793819   -9.1145182   -8.3718739
    0.046875   -69.777618  -0.38708746   0.87914973     -7.57933   -9.1057796   -8.3752632
  0.05078125   -69.792267   -0.3962341   0.87385422    -7.579411   -9.1015711   -8.3739405
   0.0546875   -69.806946  -0.40169886   0.87049979   -7.5795121   -9.1037273   -8.3718271
  0.05859375    -69.82135  -0.40327346   0.87026095   -7.5795274   -9.1096573   -8.3755503
      0.0625   -69.835381  -0.40375668   0.87053895   -7.5794063   -9.1156225   -8.3802967
  0.06640625   -69.849152  -0.40810707   0.87279022   -7.5792098   -9.1179924   -8.3775759
   0.0703125   -69.862946  -0.41867647   0.87890863   -7.5791984   -9.1149464   -8.3705807
  0.07421875   -69.876991  -0.43150488   0.88413018   -7.5794101   -9.1085949   -8.3696842
    0.078125    -69.89093  -0.43972969   0.88156271   -7.5794916   -9.1035995    -8.376317
  0.08203125   -69.904266  -0.44100067   0.87318844   -7.5792642   -9.1030445   -8.3815842
   0.0859375   -69.917099   -0.4395645   0.86894417    -7.579123   -9.1059227   -8.3799324
  0.08984375   -69.930168  -0.44112208   0.87319124   -7.5792646   -9.1085157   -8.3752232
     0.09375   -69.943657  -0.44724074   0.87992865   -7.5794325   -9.1079912   -8.3729124
  0.09765625   -69.956856  -0.45605353   0.88300306   -7.5793891   -9.1049557   -8.3734474
   0.1015625   -69.969177  -0.46522164    0.8826012    -7.579257   -9.1030207   -8.3749323
  0.10546875    -69.98082  -0.47228193   0.88017893   -7.5791731   -9.1052618   -8.3771286
    0.109375   -69.991943  -0.47467595    0.8753944   -7.5790896   -9.1099386   -8.3798513
  0.11328125   -70.002106  -0.47310913   0.87028611   -7.5789351   -9.1113749   -8.3803148
   0.1171875   -70.011307  -0.47265372   0.86954224    -7.578826    -9.106617   -8.3763342
  0.12109375   -70.020699  -0.47827223   0.87417579   -7.5788546   -9.0995007    -8.371088
       0.125   -70.030952  -0.48926789   0.87918901   -7.5790601   -9.0964355   -8.3705158
  0.12890625   -70.040649  -0.50000352   0.87881452   -7.5792761   -9.0995617   -8.3757238
   0.1328125   -70.048447  -0.50540626   0.87229747     -7.57932   -9.1059179   -8.3808718
  0.13671875   -70.055367  -0.50516731   0.86440772   -7.5792084   -9.1111374   -8.3802347
    0.140625   -70.063019  -0.50275552   0.86068583   -7.5791516   -9.1113348   -8.3751612
  0.14453125   -70.071091  -0.50233936   0.86214286   -7.5792279   -9.1049013   -8.3713408
   0.1484375   -70.078392  -0.50705093    0.8652088   -7.5792341   -9.0957651   -8.3711977
  0.15234375   -70.084755  -0.51747489   0.86643851   -7.5791163   -9.0919056   -8.3726969
     0.15625   -70.090652   -0.5297966    0.8646037    -7.579185   -9.0968904   -8.3743162
  0.16015625   -70.095947  -0.53721696   0.85944545   -7.5795159   -9.1049442   -8.3762302
   0.1640625   -70.100143  -0.53655368   0.85227484   -7.5796862   -9.1079283    -8.377037
  0.16796875   -70.103546  -0.53238779   0.84675962   -7.5794258   -9.1045723   -8.3750219
    0.171875   -70.106682  -0.53220952   0.84632486   -7.5791135   -9.0993099    -8.372015
  0.17578125    -70.10936  -0.53880727    0.8503629    -7.579093   -9.0957479    -8.370965
   0.1796875   -70.111389   -0.5496003   0.85338885   -7.5791783     -9.09484   -8.3722277
  0.18359375   -70.113037  -0.55997276   0.84975994   -7.5791254   -9.0962925   -8.3752298
      0.1875   -70.114349  -0.56561929   0.84082198    -7.579093   -9.0986576   -8.3787298
  0.19140625   -70.114929  -0.56462044   0.83402687   -7.5792637   -9.0994387   -8.3785105
   0.1953125   -70.114761  -0.55983055   0.83269978   -7.5794072   -9.0976677   -8.3721285
  0.19921875   -70.114395  -0.55785811   0.83311796    -7.579268      -9.0955   -8.3662319
    0.203125   -70.114029  -0.56362361    0.8334772   -7.5790935   -9.0957842   -8.3698168
  0.20703125   -70.113373  -0.57565761    0.8354069   -7.5790706   -9.0989819   -8.3796139
   0.2109375   -70.112236  -0.58699602   0.83567172    -7.578949     -9.10254   -8.3832579
  0.21484375   -70.110619  -0.59176987   0.82856703   -7.5787797   -9.1025219   -8.3779135
     0.21875   -70.108398  -0.58974981   0.81818563    -7.578938   -9.0970116   -8.3731985
  0.22265625   -70.105331  -0.58534157   0.81581879   -7.5792851   -9.0889273   -8.3739223
   0.2265625   -70.101578  -0.58347577   0.82282037   -7.5792775   -9.0838232   -8.3741665
  0.23046875   -70.097633  -0.58734727   0.82812202   -7.5789351   -9.0845146   -8.3720169
    0.234375   -70.093582   -0.5968864   0.82510954   -7.5788498   -9.0892344   -8.3744411
  0.23828125   -70.089104  -0.60775012   0.81935501   -7.5792241   -9.0944033   -8.3818245
   0.2421875   -70.084099  -0.61320758   0.81648719   -7.5795774   -9.0971813   -8.3833418
  0.24609375   -70.078667  -0.61043119   0.81383145   -7.5795493   -9.0961199   -8.3752975
        0.25   -70.072823  -0.60377711   0.80970097   -7.5792699   -9.0916615   -8.3693457
  0.25390625    -70.06646  -0.60077447   0.80993789   -7.5789418   -9.0865355   -8.3736925
   0.2578125   -70.059677  -0.60526198   0.81665075     -7.57865   -9.0848198   -8.3798037
  0.26171875   -70.052666  -0.61469144   0.82009578   -7.5785131   -9.0883026   -8.3784466
    0.265625   -70.045593  -0.62307274    0.8123877   -7.5785933   -9.0939188   -8.3753529
  0.26953125   -70.038246  -0.62596095   0.80147028   -7.5787539   -9.0967274   -8.3779688
   0.2734375   -70.030243  -0.62327766   0.79932255   -7.5789285   -9.0946398   -8.3800888
  0.27734375     -70.0215  -0.61865067   0.80436862   -7.5791183    -9.089674   -8.3746395
     0.28125   -70.012642   -0.6171385    0.8075859   -7.5791121   -9.0858355   -8.3697634
  0.28515625   -70.004257  -0.62140173   0.80743641   -7.5788608   -9.0857258   -8.3753605
   0.2890625   -69.995888  -0.62912887   0.80735618    -7.578691   -9.0883789   -8.3837204
  0.29296875   -69.986435  -0.63475138   0.80567509    -7.578743   -9.0904589   -8.3813391
    0.296875     -69.9757  -0.63453448   0.79932249   -7.5787191   -9.0895939   -8.3718538
  0.30078125    -69.96463  -0.63016629   0.79347533    -7.578475   -9.0866795   -8.3698616
   0.3046875   -69.953804  -0.62709743   0.79628491    -7.578311   -9.0850315   -8.3771925
  0.30859375   -69.942863   -0.6288203   0.80543655   -7.5784392    -9.086709    -8.381629
      0.3125    -69.93158  -0.63406897   0.81025374   -7.5786238   -9.0897598   -8.3776875
  0.31640625   -69.920258  -0.63922733   0.80650496   -7.5786233   -9.0899343   -8.3735189
   0.3203125   -69.908875  -0.64118201   0.79981202   -7.5784774   -9.0856247   -8.3747444
  0.32421875   -69.896843  -0.63845879   0.79558194   -7.5783658   -9.0801334   -8.3758221
    0.328125   -69.884209  -0.63246483   0.79470199   -7.5783443   -9.0784273   -8.3729897
  0.33203125   -69.871864  -0.62791675   0.79759067   -7.5783901   -9.0819988   -8.3727217
   0.3359375   -69.860016  -0.62901366   0.80385059   -7.5785089   -9.0876875   -8.3794641
  0.33984375    -69.84761  -0.63462323   0.80846739   -7.5786114   -9.0913916   -8.3854847
     0.34375   -69.834068  -0.63872176   0.80600893   -7.5786033   -9.0912962   -8.3821125
  0.34765625   -69.820488  -0.63666975   0.79806924   -7.5785508    -9.087554   -8.3731337
   0.3515625   -69.807808  -0.62919986   0.79175574   -7.5784712   -9.0819359   -8.3688374
  0.35546875   -69.795151   -0.6208908   0.79229921   -7.5783987   -9.0782948   -8.3723564
    0.359375   -69.781227  -0.61625153   0.79867536   -7.5784197   -9.0803356   -8.3785534
  0.36328125   -69.766479  -0.61713934   0.80521095   -7.5784526   -9.0871239   -8.3821354
   0.3671875   -69.752266  -0.62184066   0.80684853   -7.5783529   -9.0927076   -8.3814106
  0.37109375   -69.738693  -0.62556827   0.80280584   -7.5782304   -9.0917187   -8.3771896
       0.375   -69.724937  -0.62285471   0.79663831   -7.5782437   -9.0846786   -8.3726082
  0.37890625   -69.710785   -0.6126377   0.79315096   -7.5783343   -9.0772438   -8.3715277
   0.3828125   -69.696777  -0.60102737   0.79415369   -7.5783153   -9.0750465   -8.3743687
  0.38671875   -69.683006  -0.59617257   0.79807878   -7.5781927    -9.079215   -8.3781719
    0.390625   -69.668884  -0.60020429   0.80272311    -7.578156   -9.0857515   -8.3808603
  0.39453125   -69.654243  -0.60727674   0.80553585   -7.5781517   -9.0890665   -8.3812656
   0.3984375    -69.63958  -0.60953486   0.80306375   -7.5780153   -9.0860376   -8.3767815
  0.40234375   -69.625076  -0.60377592   0.79547817   -7.5779262   -9.0784044   -8.3680153
     0.40625   -69.610451  -0.59312689   0.78975677   -7.5780163   -9.0719337   -8.3639116
  0.41015625   -69.595619  -0.58396554   0.79194385    -7.578002   -9.0719194   -8.3723001
   0.4140625   -69.580551  -0.58195883   0.79857403   -7.5777693   -9.0781889   -8.3855715
  0.41796875   -69.565224   -0.5877592   0.80165017   -7.5776896    -9.084837   -8.3874826
    0.421875   -69.549957  -0.59522897   0.79914749    -7.577908    -9.085597   -8.3758116
  0.42578125   -69.534966  -0.59591347   0.79457164    -7.578022    -9.079237   -8.3657827
   0.4296875   -69.520065  -0.58676332   0.78955227   -7.5778418   -9.0708313   -8.3674402
  0.43359375   -69.505157  -0.57287455   0.78421718   -7.5776978   -9.0682917    -8.373558
      0.4375   -69.490517   -0.5629639   0.78215194   -7.5778532    -9.075779   -8.3759947
  0.44140625   -69.475952  -0.56205618   0.78644061   -7.5780926   -9.0884609   -8.3784466
   0.4453125   -69.460678  -0.56786805   0.79174489   -7.5780554   -9.0954323    -8.383296
  0.44921875   -69.444717  -0.57318288   0.78915149   -7.5777774    -9.089572   -8.3814621
    0.453125   -69.429276  -0.57127923   0.77909654   -7.5776644   -9.0743914   -8.3689384
  0.45703125   -69.414986  -0.56054759   0.77096701   -7.5778255   -9.0606775   -8.3602314
   0.4609375   -69.401146  -0.54560745   0.76999092   -7.5779214   -9.0575657   -8.3687067
  0.46484375   -69.386856  -0.53426522    0.7722165   -7.5778008   -9.0672092   -8.3836851
     0.46875   -69.372063  -0.53179067   0.77290213   -7.5776463   -9.0837717   -8.3858271
  0.47265625   -69.357193  -0.53652966   0.77235776   -7.5775714   -9.0955372   -8.3769341
   0.4765625   -69.342323  -0.54105926   0.77100885   -7.5775509   -9.0922947   -8.3736086
  0.48046875   -69.327362  -0.53827375   0.76617551   -7.5775805   -9.0753384   -8.3777828
    0.484375   -69.312561  -0.52698767   0.75822067   -7.5776477   -9.0587349   -8.3769827
  0.48828125    -69.29818   -0.5123775   0.75393772   -7.5776682   -9.0567379   -8.3709583
   0.4921875   -69.283997  -0.50211287   0.75798947   -7.5776544   -9.0696335   -8.3726711
  0.49609375   -69.269562  -0.50085711   0.76481426   -7.5777135   -9.0847168   -8.3820057
         0.5   -69.254807  -0.50652367   0.76574779   -7.5777793   -9.0898447   -8.3835392
  0.50390625   -69.239967  -0.51145637   0.76041782    -7.577683   -9.0831165   -8.3740597
   0.5078125   -69.225204  -0.50850344   0.75439614   -7.5774393   -9.0712595   -8.3690491
  0.51171875   -69.210281   -0.4966782   0.75074941   -7.5772886   -9.0628157   -8.3763132
    0.515625   -69.195221  -0.48228136   0.74982452   -7.5773387   -9.0634193   -8.3837814
  0.51953125   -69.180565   -0.4736912   0.75198042   -7.5774007   -9.0728045   -8.3811913
   0.5234375   -69.166611  -0.47425953   0.75555104   -7.5773158   -9.0830803   -8.3756952
  0.52734375   -69.152924  -0.47950619   0.75651574   -7.5772181   -9.0841265    -8.376153
     0.53125   -69.138962  -0.48161858   0.75278986   -7.5772462   -9.0745668   -8.3780231
  0.53515625   -69.124756  -0.47601673   0.74637759   -7.5773063   -9.0643396   -8.3750067
   0.5390625   -69.110443  -0.46483496   0.74184537   -7.5773282   -9.0634613   -8.3725662
  0.54296875   -69.095779   -0.4541935   0.74296367   -7.5772858   -9.0706644   -8.3773794
    0.546875   -69.080505  -0.44870821   0.74824697   -7.5771437   -9.0768795   -8.3831892
  0.55078125   -69.065247  -0.44853988   0.75126725    -7.576982   -9.0769835   -8.3803072
   0.5546875   -69.050926  -0.45076558    0.7479623   -7.5769095   -9.0726461   -8.3723488
  0.55859375   -69.037384  -0.45070294   0.74108225   -7.5769835   -9.0665617   -8.3701506
      0.5625   -69.023575  -0.44428387   0.73593396   -7.5770988   -9.0611715   -8.3745737
  0.56640625   -69.009506  -0.43235791   0.73508149   -7.5769987   -9.0614605   -8.3778992
   0.5703125   -68.996056   -0.4215804   0.73780537    -7.576715   -9.0706863   -8.3777208
  0.57421875   -68.983032  -0.41800314   0.74204534   -7.5766988   -9.0825844   -8.3777046
    0.578125   -68.969231  -0.42085761   0.74566895   -7.5771189   -9.0853987   -8.3779297
  0.58203125   -68.954445  -0.42390886   0.74572676   -7.5774255   -9.0757437   -8.3757048
   0.5859375   -68.940071  -0.42148098   0.74035323   -7.5771461   -9.0628214   -8.3734512
  0.58984375     -68.9272  -0.41267294      0.73398   -7.5766702   -9.0576382   -8.3752937
     0.59375   -68.915146  -0.40131062   0.73475313   -7.5766597   -9.0624962   -8.3784981
  0.59765625   -68.902702  -0.39305824   0.74318755   -7.5770431   -9.0717545   -8.3779621
   0.6015625   -68.889984  -0.39145869   0.75016254   -7.5773087   -9.0785789   -8.3758602
  0.60546875   -68.877892  -0.39504895   0.74978018   -7.5772753   -9.0785694   -8.3774586
    0.609375   -68.866447  -0.39780098   0.74610877   -7.5771866   -9.0709724   -8.3803654
  0.61328125    -68.85511  -0.39382491   0.74379897   -7.5771642   -9.0606174   -8.3784971
   0.6171875   -68.844147  -0.38247129   0.74205983   -7.5771842   -9.0559912   -8.3742142
  0.62109375   -68.834206  -0.36934349   0.74126267   -7.5772657   -9.0613956   -8.3748007
       0.625   -68.825012  -0.36185187   0.74563217   -7.5774269   -9.0711298   -8.3787746
  0.62890625   -68.815735  -0.36302429   0.75475699   -7.5774803   -9.0751095   -8.3783073
   0.6328125   -68.806305  -0.36882135   0.76003063   -7.5773039   -9.0700827    -8.374115
  0.63671875   -68.797562  -0.37119201   0.75594425    -7.577116   -9.0622787   -8.3746881
    0.640625   -68.789917  -0.36481598   0.74886185   -7.5770965   -9.0593004   -8.3802128
  0.64453125   -68.782951  -0.35156474   0.74790752   -7.5770001   -9.0626183   -8.3815012
   0.6484375   -68.776497  -0.33908227    0.7530728    -7.576683   -9.0681067   -8.3766775
  0.65234375   -68.770782  -0.33450198   0.75880039   -7.5764956   -9.0709143   -8.3744316
     0.65625   -68.765579  -0.33878109   0.76316202   -7.5766959   -9.0687447   -8.3779135
  0.66015625   -68.760254  -0.34539306   0.76664156   -7.5768642   -9.0626879   -8.3794756
   0.6640625    -68.75486  -0.34566733   0.76670581   -7.5766058   -9.0574293   -8.3760471
  0.66796875   -68.750038  -0.33631587   0.76145303   -7.5763116     -9.05867   -8.3755817
    0.671875   -68.746399  -0.32225195   0.75646299   -7.5765228   -9.0673723    -8.381094
  0.67578125   -68.743759  -0.31158856   0.76009786   -7.5769658   -9.0764332   -8.3828077
   0.6796875   -68.741646  -0.30912808    0.7716648   -7.5769348   -9.0761328   -8.3753309
  0.68359375   -68.739632  -0.31346506   0.78093904   -7.5764952   -9.0648394    -8.369132
      0.6875   -68.737663  -0.31904042   0.78079867   -7.5763855    -9.051754   -8.3741655
  0.69140625   -68.736122  -0.31953436   0.77530193   -7.5767207   -9.0475092   -8.3831367
   0.6953125    -68.73568  -0.31170198   0.77294528   -7.5767903   -9.0543032   -8.3832846
  0.69921875   -68.736488  -0.29850706   0.77615607    -7.576479   -9.0657635   -8.3764639
    0.703125    -68.73777  -0.28824103   0.78180999   -7.5764651   -9.0737419   -8.3741217
  0.70703125   -68.738602  -0.28764841   0.78815335   -7.5767732   -9.0736532   -8.3781977
   0.7109375   -68.739136   -0.2951414   0.79508871   -7.5766702   -9.0660982   -8.3802814
  0.71484375   -68.740173  -0.30217275   0.79902714   -7.5761352   -9.0562553   -8.3773298
     0.71875   -68.741806  -0.30135515   0.79502869   -7.5759821   -9.0509129   -8.3757639
  0.72265625   -68.743469  -0.29226306   0.78661722   -7.5764008   -9.0538654   -8.3789635
   0.7265625   -68.745338  -0.28025913   0.78529686   -7.5767612   -9.0623922   -8.3818197
  0.73046875   -68.748154  -0.27217892   0.79513061   -7.5767226   -9.0685787   -8.3805475
    0.734375   -68.751862  -0.27242175   0.80591947   -7.5766106   -9.0662136   -8.3784151
  0.73828125   -68.755798  -0.28021312   0.80772799   -7.5766778   -9.0574036    -8.378665
   0.7421875   -68.759926   -0.2888833   0.80377531   -7.5767422    -9.050704   -8.3796225
  0.74609375   -68.764648  -0.29000387   0.80134523   -7.5766854    -9.052042   -8.3796759
        0.75   -68.769966  -0.28093362     0.799784   -7.5766749   -9.0587826   -8.3800182
  0.75390625   -68.775597  -0.26826569   0.79741782   -7.5768147   -9.0636024   -8.3804703
   0.7578125   -68.781494  -0.26189545    0.7996819   -7.5769997   -9.0628862   -8.3795042
  0.76171875   -68.787796  -0.26568434   0.80921721   -7.5771251   -9.0588408   -8.3788643
    0.765625   -68.794357  -0.27545708   0.81673437   -7.5771379   -9.0551453   -8.3810854
  0.76953125   -68.800812  -0.28364414   0.81302959   -7.5769157   -9.0539665    -8.383482
   0.7734375   -68.807343  -0.28436184   0.80361444   -7.5765862   -9.0564203   -8.3820419
  0.77734375   -68.814697  -0.27625367   0.80069751   -7.5766506   -9.0616693   -8.3796759
     0.78125   -68.823242  -0.26445642   0.80538929   -7.5770841   -9.0652199   -8.3814812
  0.78515625   -68.832115   -0.2578344   0.80944544     -7.57723   -9.0623255   -8.3837662
   0.7890625   -68.840294  -0.26183203   0.81121111   -7.5768671    -9.054389   -8.3796787
  0.79296875   -68.848015  -0.27288952    0.8153668   -7.5764656    -9.048399   -8.3739738
    0.796875   -68.856583  -0.28152278   0.81861836   -7.5763559   -9.0490856   -8.3770447
  0.80078125   -68.866531  -0.28066042    0.8130132   -7.5763974   -9.0549803    -8.384943
   0.8046875    -68.87693   -0.2714459   0.80330914   -7.5764666   -9.0615215   -8.3839922
  0.80859375   -68.887054  -0.26137128   0.80321902   -7.5765467   -9.0649261   -8.3760033
      0.8125   -68.897163  -0.25798464   0.81357372   -7.5764747   -9.0628872   -8.3761377
  0.81640625   -68.907776  -0.26351905   0.82118225   -7.5762329     -9.05583   -8.3840523
   0.8203125   -68.918762  -0.27384245    0.8197611   -7.5761762   -9.0489893   -8.3835802
  0.82421875   -68.929764  -0.28167605   0.81539857   -7.5764065   -9.0487299   -8.3741417
    0.828125   -68.940796  -0.28177583    0.8124299   -7.5765653   -9.0547895   -8.3731298
  0.83203125   -68.951965   -0.2754873   0.80925554     -7.57654   -9.0596304   -8.3826084
   0.8359375   -68.963142  -0.26952145   0.80742604   -7.5765042   -9.0578051   -8.3843899
  0.83984375   -68.974037   -0.2698513   0.81176949   -7.5764499   -9.0525093   -8.3750982
     0.84375   -68.985123  -0.27690649    0.8201791   -7.5763249   -9.0498343   -8.3740797
  0.84765625   -68.997192  -0.28658983   0.82326579   -7.5763121   -9.0506163   -8.3865833
   0.8515625   -69.010086  -0.29330549   0.81725556   -7.5764914   -9.0515604   -8.3912525
  0.85546875   -69.022957  -0.29354084    0.8096081   -7.5766292   -9.0510435   -8.3782635
    0.859375   -69.035355  -0.28866068   0.80790573   -7.5766015   -9.0499935   -8.3686409
  0.86328125   -69.047356  -0.28462523    0.8105846   -7.5765038   -9.0493345   -8.3775387
   0.8671875   -69.059273  -0.28729802   0.81376225   -7.5764341   -9.0497446   -8.3880043
  0.87109375   -69.071518  -0.29725516   0.81788403   -7.5764155   -9.0522594   -8.3829374
       0.875   -69.084427  -0.30884644   0.82116646   -7.5764909   -9.0560493   -8.3754044
  0.87890625   -69.097916  -0.31492326   0.81773353   -7.5765715    -9.057416   -8.3817158
   0.8828125   -69.111404  -0.31338698   0.80877435   -7.5764122   -9.0545435    -8.389699
  0.88671875   -69.124481  -0.30879682    0.8040269   -7.5761299   -9.0503883   -8.3824968
    0.890625   -69.137398  -0.30821288    0.8077032   -7.5761914   -9.0482254   -8.3720865
  0.89453125   -69.150635  -0.31509766   0.81420386    -7.576571   -9.0477467   -8.3779535
   0.8984375   -69.164238  -0.32673654    0.8183825    -7.576829    -9.048173   -8.3904371
  0.90234375   -69.177895  -0.33618209   0.81934536   -7.5767632   -9.0511894   -8.3877926
     0.90625   -69.191383  -0.33837217   0.81643778   -7.5766091   -9.0567713   -8.3757372
  0.91015625   -69.204697  -0.33453572   0.81060404    -7.576632   -9.0598783   -8.3763075
   0.9140625   -69.217758  -0.33034661    0.8068592   -7.5767622   -9.0560751   -8.3875103
  0.91796875   -69.230606  -0.33039084   0.80902886   -7.5767679   -9.0485201   -8.3883533
    0.921875   -69.243744  -0.33582842   0.81474298   -7.5766912   -9.0446491   -8.3780012
  0.92578125   -69.257652   -0.3446689   0.81887305   -7.5767374   -9.0466099   -8.3759212
   0.9296875   -69.271812  -0.35272434   0.81928271   -7.5768213   -9.0493765   -8.3850174
  0.93359375   -69.285179  -0.35595018   0.81736958   -7.5766339   -9.0486164   -8.3877497
      0.9375   -69.297661  -0.35397446   0.81478697   -7.5762529   -9.0462809   -8.3801785
  0.94140625    -69.31041  -0.35104355   0.81301582   -7.5761099   -9.0463915   -8.3781681
   0.9453125    -69.32415  -0.35272592   0.81549233   -7.5763969   -9.0487747   -8.3857527
  0.94921875   -69.338181  -0.36103395   0.82355863   -7.5767961   -9.0498514    -8.387826
    0.953125   -69.351479  -0.37247869   0.83113027   -7.5769053   -9.0482254   -8.3802547
  0.95703125   -69.364227  -0.38142931    0.8314243   -7.5766463   -9.0463161   -8.3778591
   0.9609375   -69.377327  -0.38503096   0.82717812   -7.5762644   -9.0463438   -8.3848982
  0.96484375    -69.39093  -0.38460082   0.82601273    -7.576076    -9.047431   -8.3865919
     0.96875   -69.404327  -0.38368386   0.82889396   -7.5761461   -9.0478525   -8.3791847
  0.97265625   -69.417336  -0.38629326   0.83207464   -7.5763345   -9.0483484   -8.3790693
   0.9765625   -69.430511  -0.39504585   0.83584797   -7.5765281    -9.050065    -8.390749
  0.98046875   -69.444191  -0.40817139    0.8413974   -7.5766015    -9.050992   -8.3952227
    0.984375   -69.457848  -0.41934073   0.84416586   -7.5765071   -9.0480871   -8.3836432
  0.98828125   -69.470924  -0.42323291   0.84017998   -7.5763988   -9.0421333   -8.3738995
   0.9921875   -69.483673  -0.42121607   0.83482879   -7.5764246   -9.0373726   -8.3788614
  0.99609375   -69.496399  -0.41986254   0.83652961   -7.5764914   -9.0366335   -8.3859539
           1    -69.50882  -0.42448339   0.84425855   -7.5764079   -9.0397997   -8.3839197
   1.0039062   -69.521027  -0.43500149   0.84936684   -7.5762067   -9.0458899   -8.3828583
   1.0078125   -69.533745   -0.4469533   0.84823573   -7.5762095   -9.0525732   -8.3903542
   1.0117188   -69.547119  -0.45485026   0.84553236   -7.5765233   -9.0547838   -8.3932285
    1.015625   -69.560509  -0.45604187   0.84508002   -7.5767741   -9.0488148   -8.3825359
   1.0195312   -69.573677  -0.45291275   0.84526157   -7.5766253   -9.0386925   -8.3737803
   1.0234375   -69.586838  -0.45155782   0.84506923   -7.5763521   -9.0336943    -8.380497
   1.0273438   -69.599861   -0.4566319   0.84745938   -7.5764508   -9.0374498   -8.3893814
     1.03125   -69.612633  -0.46775055   0.85294074   -7.5768304   -9.0443716   -8.3851223
   1.0351562   -69.625374  -0.48020387   0.85601932   -7.5769234   -9.0482759   -8.3787651
   1.0390625   -69.638107   -0.4885667   0.85332745   -7.5766158   -9.0489349   -8.3852978
   1.0429688   -69.650665  -0.49021879   0.84984469   -7.5763569    -9.048398   -8.3932943
    1.046875   -69.663139  -0.48762748   0.85136813   -7.5764151   -9.0462866   -8.3863344
   1.0507812   -69.675842  -0.48675409   0.85582262   -7.5765791   -9.0416899   -8.3757944
   1.0546875   -69.688637  -0.49244165    0.8579421   -7.5766664   -9.0372849    -8.380372
   1.0585938   -69.701141  -0.50466073   0.85800946   -7.5766673   -9.0373793   -8.3907852
      1.0625   -69.713379  -0.51860231   0.85913843   -7.5765319   -9.0416889   -8.3874502
   1.0664062   -69.725739  -0.52819985   0.86017054   -7.5762706   -9.0452976   -8.3773108
   1.0703125   -69.738098  -0.53060818   0.85851389   -7.5761485   -9.0451565   -8.3798409
   1.0742188   -69.750008    -0.528283   0.85638112   -7.5762877   -9.0430737   -8.3897152
    1.078125   -69.761597  -0.52720422   0.85800952    -7.576478    -9.041503   -8.3877163
   1.0820312   -69.773521  -0.53260738   0.86229056   -7.5765176   -9.0403357   -8.3783426
   1.0859375   -69.785851  -0.54481673   0.86382854   -7.5764842   -9.0390396   -8.3811951
   1.0898438    -69.79792   -0.5588935   0.86128271   -7.5764947   -9.0383272   -8.3927517
     1.09375   -69.809357  -0.56847465   0.85879362   -7.5764394   -9.0382042   -8.3918991
   1.0976562   -69.820198  -0.57049441   0.85875553   -7.5762258   -9.0374222    -8.379323
   1.1015625   -69.830399  -0.56749874   0.85907739    -7.576005   -9.0361319   -8.3769665
   1.1054688   -69.840004  -0.56612605   0.85817134   -7.5759683    -9.036602   -8.3887005
    1.109375   -69.849457  -0.57174069   0.85746771   -7.5760336   -9.0398006   -8.3944054
   1.1132812    -69.85891  -0.58378738   0.85747588   -7.5760531   -9.0425301   -8.3858871
   1.1171875   -69.868103  -0.59608525   0.85591924   -7.5760984    -9.041173   -8.3783627
   1.1210938   -69.876961  -0.60220456   0.85176748   -7.5761719   -9.0371428   -8.3817844
       1.125   -69.885719  -0.60110241   0.84774286   -7.5761485   -9.0351315   -8.3873882
   1.1289062   -69.894051  -0.59792185   0.84681296   -7.5760746   -9.0368223   -8.3879185
   1.1328125   -69.901192  -0.59924525   0.84821284     -7.57622   -9.0394821   -8.3881731
   1.1367188   -69.907158  -0.60721034    0.8486374    -7.576592   -9.0404577   -8.3901424
    1.140625   -69.913101  -0.61803418   0.84606028   -7.5767646   -9.0394287   -8.3878889
   1.1445312   -69.919518  -0.62623513   0.84152186   -7.5765038   -9.0366402   -8.3818741
   1.1484375   -69.925468   -0.6293605   0.83747661   -7.5762248   -9.0325565   -8.3806725
   1.1523438   -69.930122  -0.62843859   0.83542341   -7.5764036   -9.0297918   -8.3855143
     1.15625   -69.934029  -0.62681466   0.83546793   -7.5768409   -9.0319538   -8.3890247
   1.1601562   -69.937775  -0.62910867   0.83620292   -7.5770087   -9.0390396   -8.3893194
   1.1640625   -69.940903  -0.63817984   0.83508086   -7.5768523   -9.0454216   -8.3902063
   1.1679688   -69.943001  -0.65071172   0.83122206   -7.5766373   -9.0447121   -8.3900671
    1.171875   -69.944458  -0.65890956   0.82654095   -7.5764551    -9.037137   -8.3856325
   1.1757812   -69.945625  -0.65855128   0.82313663   -7.5763125   -9.0296249   -8.3827324
   1.1796875   -69.946312  -0.65410316   0.82143784   -7.5763435   -9.0285788   -8.3878803
   1.1835938   -69.946472  -0.65350026   0.82116985   -7.5765419   -9.0341101    -8.394331
      1.1875   -69.946457  -0.65995508    0.8216939   -7.5766325   -9.0406952   -8.3916712
   1.1914062   -69.946381  -0.67046493   0.82075715   -7.5764704   -9.0420656   -8.3841391
   1.1953125   -69.945747  -0.67996055   0.81648755   -7.5762219   -9.0365314   -8.3835487
   1.1992188   -69.944199  -0.68454504   0.81114042   -7.5761642     -9.02882   -8.3885555
    1.203125   -69.942085  -0.68292922   0.80884075   -7.5763655   -9.0259523   -8.3885717
   1.2070312   -69.939957  -0.67807275   0.80943102   -7.5765696   -9.0303402   -8.3849297
   1.2109375   -69.937988  -0.67656523   0.80890054   -7.5766048   -9.0378885   -8.3878279
   1.2148438   -69.935638  -0.68333542   0.80587161   -7.5765519   -9.0426493   -8.3942575
     1.21875   -69.932114  -0.69591182   0.80280113   -7.5765929   -9.0415316   -8.3915396
   1.2226562   -69.927589  -0.70620382   0.80018514   -7.5767117   -9.0352688   -8.3824081
   1.2265625    -69.92318  -0.70812696    0.7956742   -7.5768328   -9.0274353   -8.3825512
   1.2304688   -69.919357  -0.70323467   0.79047132   -7.5768423   -9.0228491   -8.3920565
    1.234375   -69.915337  -0.69851762   0.78941888   -7.5766459   -9.0246887   -8.3940487
   1.2382812   -69.910309  -0.70002848    0.7920956   -7.5763497   -9.0312014   -8.3846245
   1.2421875   -69.904442   -0.7084024   0.79168963   -7.5762725   -9.0361805   -8.3798227
   1.2460938   -69.898346  -0.71940523     0.785909   -7.5764594    -9.034833   -8.3871098
        1.25   -69.892143  -0.72686887   0.78089523   -7.5765257   -9.0285873   -8.3929167
   1.2539062   -69.885674  -0.72663432   0.78062963   -7.5763721   -9.0234432   -8.3876553
   1.2578125   -69.878784  -0.72027433   0.78071809   -7.5763645   -9.0236912   -8.3822308
   1.2617188   -69.871338  -0.71474969   0.77799302   -7.5766482    -9.028347   -8.3871927
    1.265625   -69.863251  -0.71685123   0.77704442   -7.5768456   -9.0331984   -8.3932743
   1.2695312   -69.854576  -0.72681087   0.78038567   -7.5767388   -9.0350962   -8.3883915
   1.2734375   -69.845604  -0.73804611    0.7815367   -7.5766392   -9.0338001   -8.3799639
   1.2773438   -69.836548  -0.74301219   0.77608186    -7.576736   -9.0311708   -8.3828268
     1.28125   -69.827385  -0.73926741   0.77099454   -7.5768623   -9.0296106   -8.3940248
   1.2851562   -69.818092  -0.73073316   0.77354103   -7.5768485   -9.0300713   -8.3974257
   1.2890625   -69.808838  -0.72494012   0.77870846   -7.5767431   -9.0311756   -8.3891068
   1.2929688   -69.799591  -0.72732401   0.77832693    -7.576726   -9.0304699   -8.3820286
    1.296875   -69.789764   -0.7368626   0.77504158   -7.5768795    -9.027112   -8.3850317
   1.3007812   -69.778954  -0.74646831   0.77551758   -7.5770359   -9.0230656   -8.3908329
   1.3046875   -69.767624  -0.74873322   0.77694505   -7.5769796   -9.0217991   -8.3900747
   1.3085938   -69.756317   -0.7422623   0.77353239   -7.5767689   -9.0250492   -8.3863096
      1.3125    -69.74482  -0.73292708   0.76995349   -7.5767608    -9.030261   -8.3879433
   1.3164062    -69.73304  -0.72811121   0.77381295   -7.5770464   -9.0321016   -8.3927488
   1.3203125   -69.721588   -0.7306574   0.78067982   -7.5772128   -9.0276575   -8.3920135
   1.3242188   -69.710442  -0.73838848   0.78040481    -7.576982    -9.020113   -8.3861704
    1.328125   -69.698563   -0.7461434   0.77378577   -7.5767179     -9.01618   -8.3846111
   1.3320312   -69.685623   -0.7482028   0.77046609   -7.5767636   -9.0192413   -8.3901262
   1.3359375   -69.672661  -0.74223983    0.7730552     -7.57688   -9.0260048   -8.3943577
   1.3398438   -69.660172  -0.73243046   0.77502733   -7.5768776   -9.0305433   -8.3915854
     1.34375   -69.647583  -0.72646153   0.77366114   -7.5769482   -9.0297441   -8.3872671
   1.3476562   -69.634628  -0.72854775   0.77357966    -7.577107     -9.02456   -8.3876209
   1.3515625   -69.621628  -0.73546553   0.77574325   -7.5771551   -9.0184727   -8.3895445
   1.3554688   -69.608727  -0.74035615   0.77429169    -7.577075   -9.0157747   -8.3885698
    1.359375   -69.595695  -0.73914117   0.76839101   -7.5770249   -9.0189037   -8.3880892
   1.3632812   -69.582306  -0.73289132   0.76573884   -7.5771112   -9.0258846   -8.3916845
   1.3671875   -69.568474  -0.72553909   0.76948822   -7.5773115    -9.031167   -8.3947735
   1.3710938   -69.554413  -0.72109532   0.77294391   -7.5774889   -9.0301304   -8.3928471
       1.375   -69.540436  -0.72173381   0.77150464   -7.5775337   -9.0232573   -8.3894625
   1.3789062   -69.526604  -0.72626168   0.76931453   -7.5775409   -9.0161915    -8.388978
   1.3828125   -69.512756  -0.73008454   0.76988208   -7.5776691   -9.0148363   -8.3897953
   1.3867188   -69.498688  -0.72820342   0.77018523   -7.5778413   -9.0195189   -8.3899565
    1.390625   -69.484383  -0.72010124   0.76811063   -7.5777864   -9.0248737   -8.3910999
   1.3945312   -69.470215   -0.7109493   0.76724052   -7.5774016   -9.0257044   -8.3930178
   1.3984375   -69.456383  -0.70709664   0.77007991   -7.5770626   -9.0220404   -8.3923979
   1.4023438   -69.442535  -0.70988476   0.77280647   -7.5771227   -9.0178556   -8.3899727
     1.40625   -69.428329  -0.71449071    0.7715323   -7.5773549   -9.0166759   -8.3908215
   1.4101562   -69.413963  -0.71465248    0.7688213   -7.5774117    -9.019351   -8.3949451
   1.4140625   -69.399742  -0.70866978   0.76844066    -7.577363   -9.0241098   -8.3963146
   1.4179688   -69.385422   -0.6999979   0.76873368   -7.5773864   -9.0271778   -8.3934965
    1.421875   -69.370628  -0.69313908   0.76680303   -7.5774236   -9.0245886   -8.3916426
   1.4257812   -69.355919  -0.69002306   0.76433808   -7.5773621   -9.0163059   -8.3918428
   1.4296875   -69.342079  -0.68999344   0.76384658   -7.5772681   -9.0083761   -8.3896236
   1.4335938   -69.328606  -0.69079649   0.76365805   -7.5771136   -9.0078173   -8.3866014
      1.4375    -69.31424  -0.68912667   0.76146811   -7.5769296   -9.0147095   -8.3904152
   1.4414062   -69.299042  -0.68246645   0.75845337   -7.5769944   -9.0222559   -8.3990002
   1.4453125   -69.284447  -0.67234117    0.7563535   -7.5773549   -9.0247717   -8.3996105
   1.4492188   -69.271004  -0.66433877   0.75441229   -7.5775309   -9.0224123   -8.3898211
    1.453125   -69.257774   -0.6625917   0.75208247   -7.5772552   -9.0181484   -8.3839512
   1.4570312   -69.244019  -0.66490787   0.75066912   -7.5769229   -9.0142574   -8.3897829
   1.4609375   -69.229843  -0.66502517    0.7499668   -7.5769553   -9.0130854   -8.3952866
   1.4648438   -69.215553  -0.65927076   0.74773026   -7.5772085    -9.016778   -8.3909569
     1.46875   -69.201645  -0.64938194    0.7440514    -7.577323   -9.0232334   -8.3874111
   1.4726562   -69.188393  -0.64010024   0.74162942   -7.5772848   -9.0256624   -8.3941727
   1.4765625   -69.175346  -0.63523477   0.74077874   -7.5772805   -9.0200014   -8.3989239
   1.4804688   -69.161736  -0.63550055   0.73898649   -7.5772195   -9.0109043   -8.3891373
    1.484375   -69.147774  -0.63789499   0.73648137   -7.5769777   -9.0065479   -8.3782578
   1.4882812    -69.13427  -0.63736349   0.73621571   -7.5768108   -9.0093498    -8.384903
   1.4921875   -69.121162  -0.63044381    0.7372914   -7.5769553   -9.0154877   -8.3992081
   1.4960938   -69.107735  -0.61886793   0.73531163   -7.5771585   -9.0204954   -8.3984241
         1.5   -69.093964  -0.60878956   0.73031467   -7.5771785   -9.0213804   -8.3857222
   1.5039062   -69.080399  -0.60547203   0.72775245   -7.5771332   -9.0164871   -8.3828964
   1.5078125   -69.067139  -0.60843146   0.72945064   -7.5771284   -9.0082855   -8.3916626
   1.5117188   -69.053818  -0.61191386   0.73029673   -7.5770459   -9.0044584   -8.3937893
    1.515625   -69.040344  -0.60982966    0.7272777   -7.5769663   -9.0106192   -8.3870487
   1.5195312   -69.027077  -0.60064828   0.72440976   -7.5771403   -9.0218391   -8.3883028
   1.5234375   -69.014183  -0.58799028   0.72460675   -7.5774021   -9.0267563   -8.3987417
   1.5273438   -69.001335  -0.57754183   0.72407436   -7.5773363   -9.0208645   -8.3988085
     1.53125   -68.988251  -0.57339472   0.71961272   -7.5769572   -9.0105715   -8.3844404
   1.5351562   -68.975037  -0.57523316   0.71514118   -7.5767837    -9.004262   -8.3772469
   1.5390625   -68.961983  -0.57806766   0.71515155   -7.5770688   -9.0049372   -8.3881712
   1.5429688   -68.949104  -0.57588655   0.71694368   -7.5773783   -9.0117531   -8.3996744
    1.546875   -68.936279  -0.56682211   0.71559143   -7.5772738   -9.0214977   -8.3970804
   1.5507812   -68.923325  -0.55461627   0.71258414   -7.5770097   -9.0269785   -8.3907652
   1.5546875   -68.910072  -0.54525435   0.71246839   -7.5770979    -9.021101   -8.3919182
   1.5585938   -68.896767   -0.5417937   0.71364862   -7.5774293   -9.0060921   -8.3920221
      1.5625   -68.884033   -0.5424968   0.71131021   -7.5775075   -8.9948483   -8.3840733
   1.5664062   -68.871765  -0.54340482   0.70770204   -7.5772443   -8.9983263   -8.3809032
   1.5703125     -68.8592  -0.54117364   0.70917296   -7.5769954   -9.0129929   -8.3922739
   1.5742188   -68.846153  -0.53411323   0.71411902   -7.5769944   -9.0250921   -8.4036341
    1.578125   -68.833344  -0.52357012   0.71506804   -7.5771885   -9.0249128   -8.3988018
   1.5820312   -68.821495  -0.51437974   0.71160305   -7.5773087   -9.0141468    -8.386425
   1.5859375   -68.810486  -0.51091295   0.71033531   -7.5772481   -9.0020199   -8.3833294
   1.5898438   -68.799561  -0.51207829   0.71300286   -7.5771599   -8.9970102   -8.3876877
     1.59375   -68.788307  -0.51210362    0.7143749   -7.5771408   -9.0016613   -8.3887568
   1.5976562   -68.777107  -0.50691468    0.7124185   -7.5771532   -9.0123701    -8.388835
   1.6015625   -68.766434  -0.49783221   0.71219641   -7.5771437   -9.0219059   -8.3947248
   1.6054688   -68.756134     -0.48892   0.71664542   -7.5771246   -9.0233889   -8.3992968
    1.609375   -68.745872  -0.48235732   0.72077924   -7.5770984   -9.0155172   -8.3931761
   1.6132812   -68.735771  -0.47817898   0.71986502   -7.5770998   -9.0050001   -8.3847418
   1.6171875    -68.72628  -0.47571886   0.71732765   -7.5770526   -9.0015593   -8.3876238
   1.6210938   -68.717537  -0.47334465   0.71830791   -7.5769386   -9.0080023   -8.3968782
       1.625   -68.709503  -0.46821484   0.72070575    -7.576889   -9.0170889   -8.3975067
   1.6289062   -68.702278  -0.45940286   0.72054607   -7.5769248   -9.0201054   -8.3898535
   1.6328125   -68.695663  -0.45024332   0.72033751    -7.576817   -9.0156593   -8.3865461
   1.6367188   -68.689156  -0.44495639   0.72392297   -7.5765872   -9.0088797   -8.3892851
    1.640625   -68.682739  -0.44357741   0.72848457   -7.5766115    -9.004818   -8.3894548
   1.6445312   -68.676964  -0.44227234    0.7287659   -7.5769091   -9.0054512   -8.3876753
   1.6484375   -68.671738   -0.4378964   0.72571218   -7.5770755   -9.0101357   -8.3919153
   1.6523438   -68.666481  -0.43067408    0.7251845    -7.576932   -9.0155296   -8.3986778
     1.65625   -68.661652  -0.42312202   0.72937387   -7.5768433    -9.016551   -8.3961706
   1.6601562   -68.658287  -0.41714591   0.73445451   -7.5771213   -9.0106983   -8.3861427
   1.6640625   -68.656006  -0.41342875   0.73715574    -7.577456   -9.0020685   -8.3827953
   1.6679688   -68.653671  -0.41180694   0.73887998   -7.5773382   -8.9991341    -8.389102
    1.671875   -68.651405  -0.41095346   0.74078995   -7.5768938   -9.0064135   -8.3937855
   1.6757812   -68.650124  -0.40818465   0.74082249   -7.5767798   -9.0187225   -8.3923903
   1.6796875   -68.649796  -0.40240157   0.73918331   -7.5770931   -9.0254393   -8.3918352
   1.6835938   -68.649597  -0.39570281   0.74040788   -7.5772147    -9.020587   -8.3931646
      1.6875   -68.649567  -0.39094612    0.7464931     -7.57691   -9.0082445    -8.389287
   1.6914062   -68.650345  -0.38851529   0.75281149   -7.5766268    -8.998106    -8.382185
   1.6953125   -68.651672  -0.38690004   0.75421095   -7.5766263   -8.9973822   -8.3831482
   1.6992188   -68.652725   -0.3848258   0.75171661   -7.5765538   -9.0067244   -8.3928022
    1.703125   -68.653809  -0.38143802   0.75026447    -7.576241    -9.019701   -8.3984833
   1.7070312   -68.655869  -0.37609372   0.75231361   -7.5761147   -9.0259209   -8.3941126
   1.7109375   -68.658928  -0.36943725   0.75608087   -7.5763888   -9.0194712   -8.3876448
   1.7148438   -68.662361  -0.36402884   0.75953913   -7.5765452   -9.0056057   -8.3862467
     1.71875   -68.666054  -0.36161521    0.7633875   -7.5762506   -8.9967623   -8.3873968
   1.7226562   -68.670044  -0.36078876   0.76755798   -7.5760374   -9.0000896   -8.3879871
   1.7265625   -68.674057    -0.358421   0.76889962   -7.5764179   -9.0107546   -8.3899736
   1.7304688   -68.678169  -0.35378462   0.76637673   -7.5769506   -9.0188236   -8.3933353
    1.734375   -68.683029  -0.34840161    0.7649368   -7.5769796   -9.0194893   -8.3935862
   1.7382812   -68.688873  -0.34345186   0.76975167   -7.5766745   -9.0147266    -8.389513
   1.7421875   -68.694992  -0.33964422   0.77835971   -7.5765944   -9.0084572   -8.3859463
   1.7460938   -68.700989  -0.33855328   0.78330207   -7.5767927   -9.0038862    -8.386507
        1.75   -68.707367  -0.34022126   0.78227633   -7.5769644   -9.0035496   -8.3894081
   1.7539062   -68.714401  -0.34096459    0.7803719   -7.5770745   -9.0077677   -8.3915157
   1.7578125   -68.721695  -0.33646759   0.78102648    -7.577271   -9.0127754   -8.3911743
   1.7617188   -68.729095  -0.32758972   0.78181124   -7.5773754   -9.0135012   -8.3879738
    1.765625   -68.737038  -0.32065415   0.78223461   -7.5772581   -9.0089216   -8.3845301
   1.7695312   -68.745796  -0.32061124   0.78672886    -7.577167   -9.0035906   -8.3853416
   1.7734375   -68.755203  -0.32589787   0.79475349   -7.5772676   -9.0031796   -8.3897676
   1.7773438   -68.764893  -0.33066869   0.79766387    -7.577343   -9.0081625   -8.3912668
     1.78125   -68.774574  -0.33085158   0.79192102    -7.577158   -9.0135107   -8.3877506
   1.7851562   -68.784103   -0.3263211   0.78632224    -7.576961    -9.014184   -8.3855581
   1.7890625   -68.793655  -0.31978598   0.78870326   -7.5771546   -9.0099392   -8.3878937
   1.7929688   -68.803574     -0.31465   0.79471427   -7.5775867   -9.0052948   -8.3889704
    1.796875   -68.813957  -0.31397152    0.7970131   -7.5778012   -9.0051994   -8.3862028
   1.8007812   -68.824638  -0.31848565   0.79647678   -7.5776525   -9.0102262   -8.3862123
   1.8046875   -68.835678  -0.32506719    0.7966339   -7.5773435    -9.015604   -8.3913755
   1.8085938   -68.847481  -0.32813904   0.79509091   -7.5771289   -9.0158224   -8.3931437
      1.8125   -68.859924  -0.32498038   0.78992879   -7.5771852   -9.0104122   -8.3871422
   1.8164062   -68.872208  -0.31850675   0.78709674    -7.577424   -9.0046349   -8.3821421
   1.8203125   -68.883812  -0.31430972   0.79159915     -7.57758   -9.0039244    -8.384819
   1.8242188   -68.895393  -0.31527409   0.79826617   -7.5775065   -9.0083981   -8.3885765
    1.828125   -68.908058  -0.31998098   0.79921609   -7.5773449    -9.013422   -8.3871613
   1.8320312   -68.921837  -0.32514349    0.7947033   -7.5773253   -9.0148544   -8.3864393
   1.8359375   -68.935555  -0.32781759   0.79063147   -7.5773878    -9.012661   -8.3914032
   1.8398438   -68.948448  -0.32638121   0.78958422   -7.5773249   -9.0093317   -8.3940287
     1.84375   -68.961075  -0.32150665   0.79029369   -7.5772648   -9.0068703   -8.3877039
   1.8476562   -68.974014  -0.31700453   0.79254013   -7.5774708   -9.0065002   -8.3820181
   1.8515625   -68.987221  -0.31725773   0.79652709   -7.5777798   -9.0089836   -8.3871107
   1.8554688   -69.000771   -0.3229796   0.79934829   -7.5778456   -9.0130377   -8.3947372
    1.859375   -69.014954  -0.32953927   0.79717827   -7.5777273   -9.0143213   -8.3920145
   1.8632812   -69.029312  -0.33180222   0.79117835   -7.5777049   -9.0099096   -8.3835688
   1.8671875   -69.043106   -0.3293657   0.78747517    -7.577857   -9.0036573   -8.3825846
   1.8710938   -69.056534  -0.32575104   0.79022491   -7.5780292   -9.0028067   -8.3886166
       1.875   -69.070442  -0.32405123    0.7971679    -7.578084   -9.0087976   -8.3911314
   1.8789062   -69.084846  -0.32564244   0.80258453   -7.5780191   -9.0154238   -8.3883123
   1.8828125   -69.098923   -0.3304745   0.80293733   -7.5777998   -9.0166607   -8.3870564
   1.8867188   -69.112602  -0.33647865    0.7996189   -7.5775719   -9.0120974    -8.388463
    1.890625   -69.126785  -0.34011355   0.79630828   -7.5776405   -9.0046997   -8.3867311
   1.8945312   -69.141563   -0.3392289   0.79477686   -7.5779223    -8.998457   -8.3816185
   1.8984375   -69.155998  -0.33561873    0.7956174   -7.5779662   -8.9985905   -8.3806515
   1.9023438   -69.170067  -0.33365518   0.80006266   -7.5776634   -9.0074081   -8.3867702
     1.90625   -69.184914  -0.33637014   0.80652815   -7.5774426   -9.0188093   -8.3924274
   1.9101562     -69.2006  -0.34267896    0.8091352   -7.5776014    -9.022522   -8.3899794
   1.9140625   -69.215866  -0.34881392   0.80471724   -7.5778842   -9.0151377    -8.382472
   1.9179688    -69.23024  -0.35110131   0.79838222   -7.5779057   -9.0037842   -8.3792124
    1.921875   -69.244705  -0.34900537   0.79736418   -7.5776858   -8.9982128   -8.3830299
   1.9257812   -69.259804  -0.34592357   0.80193257     -7.57757   -9.0017147   -8.3870773
   1.9296875   -69.274788  -0.34650129   0.80710334   -7.5776715    -9.010458    -8.385376
   1.9335938   -69.289055  -0.35226914   0.81015575   -7.5777545   -9.0182018   -8.3821335
      1.9375    -69.30323   -0.3605175   0.81155968   -7.5777988   -9.0198832   -8.3847885
   1.9414062   -69.318016  -0.36689797   0.81091875   -7.5779586   -9.0139074   -8.3900232
   1.9453125   -69.332855  -0.36898029   0.80757058   -7.5780826   -9.0045977   -8.3873549
   1.9492188   -69.346863  -0.36807016   0.80474937   -7.5779667   -8.9999971   -8.3783169
    1.953125   -69.360519  -0.36802697   0.80733722   -7.5778275   -9.0034056   -8.3775539
   1.9570312   -69.375153  -0.37179846    0.8147428   -7.5780158   -9.0098658   -8.3883018
   1.9609375   -69.390778  -0.37886694    0.8211239   -7.5783525    -9.013401   -8.3936586
   1.9648438   -69.405922   -0.3863813   0.82256609   -7.5783992   -9.0136194    -8.384222
     1.96875   -69.419792  -0.39159673   0.82011038   -7.5781574   -9.0125761   -8.3759956
   1.9726562   -69.433228  -0.39366981   0.81719518   -7.5780721   -9.0105267   -8.3831844
   1.9765625   -69.447273  -0.39406982   0.81713343   -7.5783138   -9.0081787   -8.3920765
   1.9804688   -69.461784  -0.39579102   0.82105964   -7.5784965   -9.0083017   -8.3859262
    1.984375   -69.476021  -0.40078861   0.82709354   -7.5783415   -9.0112543   -8.3770571
   1.9882812   -69.489792  -0.40830353   0.83245385   -7.5781398   -9.0126991   -8.3838701
   1.9921875   -69.503548  -0.41499174   0.83512259   -7.5781541   -9.0093775   -8.3939905
   1.9960938   -69.517357  -0.41751561   0.83387381   -7.5781617   -9.0044365   -8.3857679