           0   -69.640038    2.4910772   -1.3631372   -7.6999168   -5.1143951   -3.9571471
  0.00390625   -69.654305    2.4860365   -1.3588375   -7.6998277   -5.1159272   -3.9581327
   0.0078125   -69.668869    2.4753911   -1.3584721   -7.6997733    -5.114131   -3.9602652
  0.01171875   -69.683372     2.464324   -1.3618608   -7.6997557    -5.112659   -3.9615979
    0.015625   -69.697716    2.4585788   -1.3648918   -7.6996889   -5.1138077   -3.9584813
  0.01953125   -69.711929     2.458442   -1.3637568   -7.6996155   -5.1163621   -3.9545217
   0.0234375   -69.726021     2.458972   -1.3577261   -7.6995611   -5.1179371   -3.9566798
  0.02734375   -69.740021    2.4557438   -1.3501697   -7.6995444   -5.1183796   -3.9624169
     0.03125   -69.754097    2.4487493   -1.3470948   -7.6995397   -5.1190276   -3.9630077
  0.03515625   -69.768097    2.4403305   -1.3515054   -7.6995406   -5.1197906   -3.9586649
   0.0390625   -69.781837    2.4325943   -1.3592217   -7.6995177   -5.1196675   -3.9575002
  0.04296875   -69.795753    2.4275236   -1.3628397   -7.6994658    -5.119698   -3.9602871
    0.046875   -69.810425    2.4265854   -1.3593862     -7.69943   -5.1220188    -3.960207
  0.05078125   -69.825272    2.4279015   -1.3526481   -7.6994228   -5.1262207   -3.9577379
   0.0546875   -69.839088    2.4264235   -1.3484194   -7.6993656   -5.1294088   -3.9601076
  0.05859375   -69.851936    2.4185846   -1.3483995   -7.6991339    -5.129653   -3.9653883
      0.0625   -69.865097    2.4066455   -1.3506703   -7.6989017   -5.1280565   -3.9641542
  0.06640625   -69.879059    2.3971379   -1.3546368   -7.6989236   -5.1272893   -3.9578328
   0.0703125   -69.892784     2.395083   -1.3591838   -7.6991177   -5.1289577   -3.9577529
  0.07421875    -69.90538    2.3990808   -1.3590524   -7.6992083   -5.1322479   -3.9640152
    0.078125   -69.917557      2.40236   -1.3518981   -7.6992025   -5.1355567   -3.9641917
  0.08203125   -69.930466    2.3985343   -1.3449607   -7.6993012    -5.138134   -3.9567256
   0.0859375   -69.943779    2.3871236   -1.3462583   -7.6994843   -5.1393366   -3.9550104
  0.08984375   -69.956284     2.374052   -1.3532286   -7.6995168   -5.1380653    -3.962399
     0.09375    -69.96788    2.3664131   -1.3576727   -7.6994033   -5.1350579   -3.9647629
  0.09765625   -69.979645    2.3658442   -1.3572268   -7.6994267   -5.1339478   -3.9562738
   0.1015625   -69.991806     2.367378   -1.3546284   -7.6995907   -5.1370935   -3.9511249
  0.10546875   -70.003281    2.3652954   -1.3508542   -7.6995049   -5.1425157    -3.957459
    0.109375   -70.013496    2.3584454   -1.3466293   -7.6990886    -5.146513   -3.9620028
  0.11328125   -70.023216    2.3489053   -1.3466476   -7.6987371   -5.1474319   -3.9556556
   0.1171875   -70.033134    2.3389583   -1.3543615   -7.6986699   -5.1461687   -3.9510744
  0.12109375   -70.043152    2.3316069   -1.3637729   -7.6987028   -5.1448317   -3.9576545
       0.125   -70.053024    2.3297098   -1.3648574   -7.6987424   -5.1449561   -3.9625704
  0.12890625   -70.062294    2.3317995   -1.3581635    -7.698729   -5.1466212    -3.955828
   0.1328125   -70.070221    2.3314276   -1.3541428    -7.698545    -5.148941   -3.9506285
  0.13671875   -70.076836    2.3237631   -1.3568473    -7.698277   -5.1514101   -3.9578252
    0.140625   -70.083244    2.3119755   -1.3611159    -7.698194   -5.1543522   -3.9636436
  0.14453125   -70.090111    2.3041656   -1.3657471   -7.6982784   -5.1569819   -3.9553349
   0.1484375   -70.096573    2.3033435   -1.3737991   -7.6982784    -5.156733   -3.9464741
  0.15234375   -70.101608    2.3044276   -1.3804663   -7.6982713   -5.1527104   -3.9534814
     0.15625   -70.105614    2.3016634   -1.3768249   -7.6984434    -5.149066    -3.965647
  0.16015625   -70.109558    2.2945137   -1.3667525   -7.6985869     -5.15131     -3.96367
   0.1640625   -70.113487     2.285677   -1.3650815   -7.6985049   -5.1589599   -3.9534016
  0.16796875   -70.116806    2.2774336   -1.3760561   -7.6983604   -5.1654902   -3.9537694
    0.171875   -70.119469    2.2717755   -1.3874221   -7.6983342   -5.1665268   -3.9628656
  0.17578125   -70.121788     2.271311   -1.3896855   -7.6982551    -5.164021   -3.9639206
   0.1796875   -70.123596    2.2759159   -1.3879365    -7.698071   -5.1621017   -3.9565063
  0.18359375   -70.124527    2.2795131   -1.3891122   -7.6980686   -5.1621113   -3.9550471
      0.1875   -70.124802    2.2747502   -1.3903236   -7.6983027    -5.163269   -3.9612846
  0.19140625   -70.124939    2.2618399   -1.3886935     -7.69842   -5.1655717   -3.9630392
   0.1953125   -70.124733    2.2497978   -1.3908635   -7.6982613   -5.1690965   -3.9581327
  0.19921875   -70.123489    2.2469709   -1.4009612   -7.6980186    -5.172524   -3.9567018
    0.203125   -70.121254    2.2522893   -1.4097486   -7.6978831   -5.1741152   -3.9608214
  0.20703125   -70.118958    2.2577422   -1.4082367   -7.6978302   -5.1736832   -3.9619763
   0.2109375   -70.117218    2.2572651   -1.4022502   -7.6977987   -5.1726384   -3.9585886
  0.21484375   -70.115433    2.2503769   -1.4022673   -7.6977615   -5.1728506   -3.9583106
     0.21875    -70.11264    2.2400963    -1.408215   -7.6976919   -5.1751342   -3.9615786
  0.22265625    -70.10878     2.230917    -1.413654   -7.6975694   -5.1785669   -3.9603508
   0.2265625   -70.104546    2.2272768   -1.4170787   -7.6974545   -5.1813097   -3.9547415
  0.23046875    -70.10025    2.2305851   -1.4202864   -7.6974311    -5.182158   -3.9538758
    0.234375   -70.095573    2.2367699   -1.4216604   -7.6974635   -5.1814075   -3.9587607
  0.23828125   -70.090324    2.2384498   -1.4194518   -7.6974406   -5.1807294   -3.9603753
   0.2421875   -70.084686    2.2318549   -1.4175327   -7.6973557   -5.1821494   -3.9562869
  0.24609375   -70.078842    2.2212222   -1.4208413   -7.6974049   -5.1854935   -3.9542117
        0.25   -70.072807    2.2145636   -1.4277753    -7.697546   -5.1875544   -3.9565418
  0.25390625   -70.066185     2.215935    -1.432639   -7.6974773   -5.1858087   -3.9565668
   0.2578125   -70.058472    2.2223675   -1.4336094   -7.6972623   -5.1823845    -3.953337
  0.26171875   -70.049911    2.2273803   -1.4324803   -7.6972618   -5.1818008   -3.9545615
    0.265625   -70.041573    2.2264686    -1.430065   -7.6973476   -5.1855707   -3.9606376
  0.26953125   -70.033813    2.2201762   -1.4280915   -7.6972141   -5.1909699   -3.9612629
   0.2734375   -70.025772    2.2126296   -1.4305998   -7.6970797   -5.1945901   -3.9540133
  0.27734375   -70.017006    2.2081578   -1.4378545    -7.697268    -5.195478   -3.9504023
     0.28125   -70.008041    2.2089829   -1.4434658   -7.6974616   -5.1953106   -3.9557989
  0.28515625   -69.999161    2.2144456   -1.4425775   -7.6972151   -5.1961718    -3.960089
   0.2890625   -69.989655    2.2208345   -1.4385177   -7.6968193   -5.1981025   -3.9567156
  0.29296875   -69.978851    2.2226593   -1.4365636   -7.6967621   -5.1994352   -3.9538651
    0.296875   -69.967079    2.2168331   -1.4366512   -7.6969433   -5.1992273   -3.9579065
  0.30078125   -69.955559    2.2069921   -1.4374188   -7.6969419   -5.1983938   -3.9616306
   0.3046875    -69.94471    2.2018852   -1.4406326   -7.6967344   -5.1984839   -3.9586511
  0.30859375   -69.933609     2.206785   -1.4456285   -7.6966171   -5.2002153   -3.9552701
      0.3125   -69.921585    2.2173541   -1.4465281   -7.6967311   -5.2028236   -3.9576843
  0.31640625   -69.909355    2.2238328   -1.4411922   -7.6968555   -5.2048602   -3.9603469
   0.3203125    -69.89743    2.2210662   -1.4357753   -7.6967793   -5.2056856    -3.957603
  0.32421875   -69.885101    2.2124431   -1.4357946    -7.696569   -5.2056499   -3.9553518
    0.328125   -69.871979    2.2054005    -1.439306   -7.6963663   -5.2053647   -3.9593699
  0.33203125   -69.858879    2.2048948   -1.4420705   -7.6961498   -5.2055449   -3.9628341
   0.3359375   -69.846207    2.2109447    -1.443442   -7.6957965   -5.2070808   -3.9589036
  0.33984375   -69.833176    2.2201741   -1.4439029   -7.6953955   -5.2097964   -3.9548266
     0.34375   -69.819328    2.2280085   -1.4424977   -7.6952209   -5.2122259   -3.9586174
  0.34765625   -69.805443    2.2303822   -1.4402376   -7.6953778   -5.2134089   -3.9628088
   0.3515625   -69.792107     2.226433   -1.4412688   -7.6955957   -5.2135744   -3.9580462
  0.35546875    -69.77845     2.220794   -1.4466664   -7.6955681   -5.2131066   -3.9520211
    0.359375   -69.763702     2.220613   -1.4509503   -7.6953545   -5.2127514   -3.9565187
  0.36328125    -69.74881    2.2285249   -1.4499627   -7.6952491   -5.2143364   -3.9652367
   0.3671875   -69.735046    2.2392855   -1.4474915   -7.6953158    -5.218576   -3.9641776
  0.37109375   -69.721695    2.2448082    -1.447701   -7.6955004   -5.2226834   -3.9557686
       0.375   -69.707329    2.2419746    -1.447861   -7.6957769   -5.2225895    -3.953568
  0.37890625   -69.692169    2.2356615   -1.4455807   -7.6959825   -5.2185011   -3.9590056
   0.3828125   -69.677277    2.2335863   -1.4458538   -7.6958203   -5.2155271   -3.9617996
  0.38671875   -69.662567    2.2387321   -1.4522918    -7.695353   -5.2177448   -3.9596186
    0.390625   -69.647369    2.2471104   -1.4579384   -7.6950536   -5.2234917   -3.9594915
  0.39453125   -69.631943    2.2528751   -1.4546913   -7.6951265   -5.2273135   -3.9615891
   0.3984375   -69.616913    2.2535443   -1.4465321   -7.6952758   -5.2262259   -3.9586244
  0.40234375   -69.601952     2.250586   -1.4438723   -7.6952405   -5.2222052   -3.9521461
     0.40625   -69.586548    2.2476254   -1.4483696   -7.6950641   -5.2189698   -3.9528475
  0.41015625   -69.571091    2.2486875   -1.4527183   -7.6949492    -5.218822   -3.9612434
   0.4140625   -69.555977    2.2557304   -1.4537313   -7.6949754   -5.2223001    -3.964762
  0.41796875   -69.540947     2.266252   -1.4552684   -7.6949735   -5.2279329   -3.9590888
    0.421875   -69.525665    2.2743824   -1.4577093   -7.6947789   -5.2322598   -3.9552295
  0.42578125   -69.510315    2.2757065   -1.4559779    -7.694592   -5.2322445    -3.959219
   0.4296875   -69.495201    2.2719617   -1.4508121   -7.6946168   -5.2286477   -3.9617157
  0.43359375   -69.480362    2.2697036   -1.4505984    -7.694653    -5.226089   -3.9566607
      0.4375   -69.465523    2.2744281   -1.4579785   -7.6944866   -5.2280574   -3.9537961
  0.44140625   -69.450356    2.2858086   -1.4652475   -7.6943436   -5.2328453   -3.9600983
   0.4453125    -69.43483    2.2986925   -1.4665563   -7.6944757   -5.2362008   -3.9649246
  0.44921875   -69.419289    2.3074985   -1.4651333   -7.6945281   -5.2369885   -3.9589744
    0.453125   -69.404198    2.3101933   -1.4652952   -7.6942749   -5.2370644    -3.952873
  0.45703125   -69.389534    2.3091354   -1.4664397   -7.6940975   -5.2368631   -3.9588983
   0.4609375   -69.374809     2.309191    -1.468104    -7.694242   -5.2356243    -3.967494
  0.46484375    -69.35965    2.3143644   -1.4721961   -7.6943526   -5.2348127   -3.9632738
     0.46875   -69.344315    2.3250024   -1.4780388   -7.6941113     -5.23632   -3.9529865
  0.47265625   -69.329391    2.3374119   -1.4814953   -7.6938567   -5.2385964   -3.9533024
   0.4765625   -69.315163    2.3457706   -1.4801738   -7.6939588   -5.2390699   -3.9609029
  0.48046875    -69.30114    2.3462512   -1.4769399   -7.6941895   -5.2392664   -3.9607515
    0.484375   -69.286774    2.3409395   -1.4767709   -7.6940956   -5.2424493   -3.9558229
  0.48828125   -69.272072     2.337306   -1.4805646   -7.6937842   -5.2465968   -3.9599223
   0.4921875   -69.257248    2.3418477   -1.4849278   -7.6937027   -5.2460947   -3.9670432
  0.49609375   -69.242371     2.354357    -1.487534   -7.6938195   -5.2408166    -3.960268
         0.5   -69.227646    2.3675082   -1.4887143   -7.6936913   -5.2376785   -3.9471805
  0.50390625   -69.213486     2.373286    -1.488322   -7.6933532   -5.2411723   -3.9506025
   0.5078125   -69.199661    2.3705122   -1.4860165   -7.6932549   -5.2471781    -3.966469
  0.51171875    -69.18515    2.3661206   -1.4847564   -7.6934652   -5.2491574   -3.9687452
    0.515625   -69.169807    2.3680549   -1.4886491   -7.6935844   -5.2469497   -3.9558041
  0.51953125   -69.155174    2.3785074   -1.4964182   -7.6933842   -5.2450514   -3.9516165
   0.5234375   -69.141937    2.3936591   -1.5014027   -7.6931005   -5.2451882   -3.9596653
  0.52734375   -69.128525     2.407321   -1.4996885   -7.6929679   -5.2453108   -3.9590132
     0.53125   -69.113716    2.4140387    -1.495419   -7.6928821   -5.2445502   -3.9491374
  0.53515625   -69.098602    2.4121125   -1.4954312   -7.6927633    -5.245338   -3.9528279
   0.5390625   -69.084412    2.4063587   -1.5001695   -7.6926541    -5.249331   -3.9688847
  0.54296875   -69.070564    2.4062629   -1.5044668   -7.6924834    -5.254128   -3.9683371
    0.546875   -69.056221    2.4180915   -1.5067999   -7.6922388   -5.2554307   -3.9477801
  0.55078125   -69.041832     2.437959   -1.5101825   -7.6921349    -5.251873   -3.9402435
   0.5546875    -69.02803    2.4542131   -1.5133923   -7.6923075   -5.2470837   -3.9582062
  0.55859375   -69.014412    2.4581625   -1.5112314   -7.6925797   -5.2461615   -3.9718666
      0.5625   -69.000343    2.4522607    -1.505307    -7.692615   -5.2504497   -3.9622011
  0.56640625   -68.986084    2.4467974   -1.5044444   -7.6923747   -5.2566276   -3.9512436
   0.5703125   -68.972321    2.4501097   -1.5110062   -7.6921096   -5.2601061   -3.9576142
  0.57421875   -68.959297    2.4629977    -1.516499   -7.6920357   -5.2583365   -3.9635241
    0.578125   -68.946846    2.4799895   -1.5148062   -7.6921515   -5.2526083   -3.9530714
  0.58203125   -68.934555    2.4931986   -1.5106621    -7.692277   -5.2474556   -3.9458852
   0.5859375   -68.921829    2.4968436   -1.5104067   -7.6921549   -5.2474098   -3.9604809
  0.58984375   -68.908592    2.4918387   -1.5117913   -7.6918387   -5.2528319   -3.9765258
     0.59375   -68.895729    2.4859164   -1.5097347   -7.6917086   -5.2589197   -3.9684088
  0.59765625   -68.883995    2.4877059   -1.5067742   -7.6918054   -5.2603498   -3.9500587
   0.6015625   -68.872932    2.4997203   -1.5082347   -7.6916528   -5.2565413   -3.9503479
  0.60546875   -68.861771    2.5164418   -1.5110909   -7.6912093   -5.2523074   -3.9642644
    0.609375   -68.850571    2.5284672   -1.5086426   -7.6910901   -5.2528334   -3.9665411
  0.61328125   -68.839867    2.5303311   -1.5027176   -7.6914167   -5.2578897   -3.9577515
   0.6171875   -68.829636    2.5250318   -1.5001163    -7.691505   -5.2624903   -3.9577098
  0.62109375   -68.819733    2.5213494   -1.5008839   -7.6911445   -5.2630219   -3.9651315
       0.625   -68.810432    2.5262501   -1.5005826   -7.6909299   -5.2603645   -3.9623871
  0.62890625   -68.802116    2.5394258    -1.498719   -7.6910963   -5.2575421   -3.9525735
   0.6328125    -68.79451    2.5539618   -1.4966152   -7.6912098   -5.2566361   -3.9548876
  0.63671875   -68.787064    2.5628083    -1.493416   -7.6910892   -5.2580853   -3.9674659
    0.640625   -68.779861    2.5640206   -1.4891703   -7.6910024   -5.2606673   -3.9697309
  0.64453125   -68.773621    2.5608249   -1.4862814   -7.6909909    -5.261692   -3.9586205
   0.6484375   -68.768349    2.5589263   -1.4855372   -7.6908522   -5.2595768   -3.9508274
  0.65234375   -68.763229    2.5635691   -1.4849244   -7.6906319   -5.2559667   -3.9524307
     0.65625   -68.758057    2.5756185   -1.4832337   -7.6904907   -5.2540302   -3.9546194
  0.66015625   -68.753624    2.5896547   -1.4813952    -7.690361   -5.2554312   -3.9559953
   0.6640625   -68.750214    2.5976157    -1.479524   -7.6902242   -5.2596436   -3.9624424
  0.66796875   -68.747169    2.5961711   -1.4760869   -7.6901517   -5.2646766   -3.9679403
    0.671875   -68.744278    2.5903747   -1.4716271   -7.6901999   -5.2675905   -3.9613209
  0.67578125   -68.742203    2.5891879   -1.4696428     -7.69028     -5.26581   -3.9489245
   0.6796875    -68.74131    2.5970652   -1.4708631   -7.6902828   -5.2601256    -3.947156
  0.68359375   -68.741066    2.6105559   -1.4709531   -7.6902142   -5.2558274   -3.9559555
      0.6875   -68.740845    2.6221266   -1.4672085   -7.6902003    -5.258419    -3.961278
  0.69140625   -68.740654    2.6264484   -1.4624976   -7.6902032   -5.2667837   -3.9602554
   0.6953125   -68.740891    2.6240108    -1.459475   -7.6899943   -5.2725201   -3.9610889
  0.69921875   -68.741768    2.6206369   -1.4570041   -7.6896005   -5.2689934   -3.9617288
    0.703125   -68.743225    2.6227708   -1.4544991   -7.6893764    -5.259408   -3.9542463
  0.70703125   -68.745163    2.6319962   -1.4536316   -7.6894841   -5.2531347   -3.9466174
   0.7109375   -68.747528    2.6441197   -1.4541898   -7.6896596   -5.2554827   -3.9533815
  0.71484375   -68.750313     2.653368   -1.4529309   -7.6897388   -5.2642283   -3.9674065
     0.71875   -68.753548    2.6560707   -1.4487427   -7.6898274   -5.2734103   -3.9685521
  0.72265625   -68.757179    2.6528003   -1.4452521   -7.6897812   -5.2772827   -3.9580553
   0.7265625   -68.761139    2.6490138   -1.4446715   -7.6894264   -5.2728233   -3.9547999
  0.73046875   -68.765457    2.6512907   -1.4436033   -7.6890807   -5.2626557   -3.9606657
    0.734375   -68.770248    2.6606834    -1.439912    -7.689249   -5.2549906   -3.9606874
  0.73828125   -68.775734    2.6715767    -1.437429   -7.6896892   -5.2566257   -3.9545617
   0.7421875    -68.78183    2.6771803   -1.4380099   -7.6897411     -5.26547   -3.9570723
  0.74609375   -68.788017    2.6759441   -1.4369671   -7.6893597   -5.2721925    -3.967581
        0.75   -68.794189    2.6721969   -1.4327793   -7.6890612   -5.2706323   -3.9683056
  0.75390625   -68.800629    2.6714387   -1.4313924    -7.688951   -5.2636819   -3.9565599
   0.7578125   -68.807426    2.6754503   -1.4347074   -7.6888299   -5.2581711   -3.9510267
  0.76171875   -68.814568    2.6826093   -1.4353865   -7.6887712   -5.2574215    -3.959615
    0.765625   -68.822403    2.6899569   -1.4294629   -7.6888976   -5.2605462   -3.9669685
  0.76953125   -68.831009    2.6943169   -1.4242753   -7.6889606   -5.2654324   -3.9625366
   0.7734375   -68.839767    2.6933622   -1.4261711   -7.6887774   -5.2691035   -3.9571702
  0.77734375   -68.848389     2.688201   -1.4294406   -7.6886244   -5.2682672   -3.9598031
     0.78125   -68.857552    2.6840374   -1.4268768   -7.6887178   -5.2629242   -3.9610324
  0.78515625   -68.867638    2.6866777   -1.4227648   -7.6888194    -5.258389   -3.9548931
   0.7890625    -68.87812    2.6964617   -1.4242532   -7.6886239   -5.2605257   -3.9537899
  0.79296875   -68.888695    2.7067671   -1.4274894   -7.6883183   -5.2687488   -3.9647264
    0.796875    -68.89962    2.7098515   -1.4249666   -7.6882434   -5.2756042   -3.9723322
  0.80078125   -68.910934    2.7046173   -1.4199607   -7.6883855   -5.2742581   -3.9637406
   0.8046875   -68.922394     2.697248   -1.4206896   -7.6885247   -5.2655673   -3.9512908
  0.80859375   -68.933846    2.6945961   -1.4258761    -7.688674   -5.2566466   -3.9515815
      0.8125   -68.945366    2.6987247   -1.4276431   -7.6887565   -5.2541075   -3.9591465
  0.81640625   -68.957176    2.7072978   -1.4246875   -7.6885028   -5.2589912   -3.9607122
   0.8203125   -68.969467    2.7157345   -1.4222963   -7.6879897   -5.2670984   -3.9592626
  0.82421875   -68.982285    2.7188053   -1.4223642   -7.6877341   -5.2728233   -3.9631424
    0.828125   -68.995667    2.7137344   -1.4222686   -7.6879349   -5.2725191   -3.9656525
  0.83203125   -69.009491    2.7037587   -1.4211484   -7.6881847   -5.2666202   -3.9578891
   0.8359375    -69.02317    2.6970761   -1.4210325   -7.6880774   -5.2601113   -3.9500504
  0.83984375   -69.036346    2.7001028   -1.4227817   -7.6877918   -5.2595181    -3.956316
     0.84375     -69.0495    2.7105281   -1.4245244    -7.687696   -5.2660551   -3.9685545
  0.84765625   -69.063194    2.7188864   -1.4242523   -7.6877809   -5.2724195   -3.9685297
   0.8515625   -69.077156    2.7176819   -1.4221934   -7.6877356    -5.270196   -3.9575288
  0.85546875   -69.090919    2.7083139   -1.4205624   -7.6875067   -5.2607527   -3.9516294
    0.859375   -69.104774    2.6987023    -1.421578   -7.6873617   -5.2543216   -3.9549801
  0.86328125   -69.119118    2.6958599   -1.4248526   -7.6873417   -5.2574453   -3.9587336
   0.8671875   -69.133736    2.7003121   -1.4270494   -7.6872473   -5.2658887   -3.9605529
  0.87109375   -69.148323    2.7071562   -1.4255919   -7.6871157   -5.2707524   -3.9647634
       0.875   -69.163177    2.7105169   -1.4221539   -7.6872368   -5.2679887   -3.9675925
  0.87890625   -69.178635    2.7074549    -1.420404    -7.687531   -5.2605104   -3.9612803
   0.8828125   -69.194359    2.6993039   -1.4211892   -7.6875911   -5.2545018   -3.9508297
  0.88671875   -69.209747    2.6910715   -1.4226682   -7.6873779   -5.2551203   -3.9496632
    0.890625   -69.224785    2.6878171   -1.4238464   -7.6872745   -5.2625847   -3.9590919
  0.89453125   -69.239922    2.6906536   -1.4245453   -7.6873879   -5.2710614   -3.9669678
   0.8984375   -69.255379    2.6956897   -1.4232913   -7.6873479   -5.2730002   -3.9664292
  0.90234375    -69.27095    2.6972599   -1.4194379   -7.6870337   -5.2664113   -3.9618189
     0.90625   -69.286346    2.6922958      -1.4159   -7.6868148   -5.2571063   -3.9569125
  0.91015625   -69.301712    2.6826279   -1.4158655   -7.6868715   -5.2526174     -3.95175
   0.9140625   -69.317238    2.6737959   -1.4180269    -7.686914   -5.2553434   -3.9505045
  0.91796875   -69.332878    2.6708047   -1.4183503   -7.6867466   -5.2621298   -3.9581268
    0.921875   -69.348434    2.6734788   -1.4160579   -7.6866665   -5.2680354   -3.9683619
  0.92578125   -69.363892    2.6763656   -1.4139143   -7.6868563   -5.2690516   -3.9686735
   0.9296875   -69.379456    2.6740623   -1.4120708    -7.686995   -5.2637768   -3.9583371
  0.93359375   -69.395218    2.6656833   -1.4081243    -7.686923   -5.2547951   -3.9498782
      0.9375   -69.410934    2.6549342   -1.4040434   -7.6869082   -5.2480574   -3.9514565
  0.94140625    -69.42627    2.6468892   -1.4042093   -7.6870008   -5.2490172   -3.9581461
   0.9453125   -69.441452    2.6442919   -1.4060622   -7.6869249   -5.2579479   -3.9622533
  0.94921875   -69.456833    2.6457748   -1.4032196   -7.6866474   -5.2685947   -3.9626069
    0.953125   -69.472183    2.6471891   -1.3972975   -7.6864576    -5.271843   -3.9607854
  0.95703125   -69.487144    2.6443665   -1.3950775   -7.6865792   -5.2638106   -3.9565725
   0.9609375   -69.502037    2.6360226    -1.396135    -7.686873   -5.2508364   -3.9518402
  0.96484375   -69.517395    2.6255438   -1.3945103   -7.6870065   -5.2439852   -3.9523053
     0.96875   -69.532997    2.6189032   -1.3899128   -7.6868224   -5.2480059   -3.9594202
  0.97265625   -69.548325    2.6191485   -1.3878655   -7.6866002   -5.2575088   -3.9655225
   0.9765625   -69.563515    2.6229842   -1.3898772   -7.6867895    -5.264174   -3.9632711
  0.98046875   -69.578735    2.6238205   -1.3905684   -7.6873255   -5.2642803    -3.956018
    0.984375   -69.593491    2.6180148    -1.386282   -7.6876588   -5.2588863   -3.9526994
  0.98828125   -69.607918    2.6079192   -1.3815863    -7.687542   -5.2512188   -3.9556236
   0.9921875   -69.623085    2.5991473   -1.3822104   -7.6873322   -5.2464361   -3.9597633
  0.99609375   -69.638985    2.5957355    -1.384593   -7.6874018   -5.2493081   -3.9622605
           1   -69.654121    2.5969982   -1.3812766   -7.6875315   -5.2582083    -3.964793
   1.0039062   -69.668045    2.5989301   -1.3746889   -7.6873398   -5.2638431   -3.9662037
   1.0078125   -69.682274     2.597512   -1.3733968   -7.6869149   -5.2583375   -3.9615366
   1.0117188   -69.697731    2.5908024   -1.3762958   -7.6867223   -5.2458882   -3.9520113
    1.015625   -69.713402    2.5798719   -1.3751953   -7.6869297   -5.2388902   -3.9483938
   1.0195312   -69.728119    2.5696893   -1.3706671   -7.6873102   -5.2434182   -3.9570692
   1.0234375   -69.742439     2.565743   -1.3696831   -7.6875973   -5.2536554   -3.9688697
   1.0273438   -69.757317    2.5685103   -1.3715214   -7.6876287   -5.2605119   -3.9708445
     1.03125   -69.772301    2.5721564   -1.3699986   -7.6874366   -5.2604175   -3.9635482
   1.0351562   -69.786644    2.5695355    -1.365214   -7.6872048   -5.2543521   -3.9570236
   1.0390625   -69.800827    2.5583882   -1.3626238   -7.6871338   -5.2448263   -3.9553001
   1.0429688   -69.815529    2.5439389   -1.3636426   -7.6871982   -5.2367859   -3.9553738
    1.046875   -69.830437    2.5343676   -1.3644397   -7.6872702   -5.2369366   -3.9568698
   1.0507812   -69.845024    2.5332339   -1.3626784   -7.6872687   -5.2469845   -3.9615207
   1.0546875   -69.859306    2.5365438    -1.359993   -7.6871128   -5.2591753   -3.9658072
   1.0585938   -69.873489    2.5372324   -1.3579499   -7.6869559   -5.2621117   -3.9640274
      1.0625   -69.887619    2.5315475   -1.3558577   -7.6870341   -5.2519617   -3.9572318
   1.0664062   -69.901764    2.5210593   -1.3541331    -7.687274    -5.236618   -3.9519987
   1.0703125   -69.916031    2.5099244   -1.3550059   -7.6873069   -5.2282386   -3.9523299
   1.0742188   -69.930382    2.5019157   -1.3571224   -7.6869936   -5.2328663   -3.9568007
    1.078125   -69.944519    2.4989417     -1.35601   -7.6867223   -5.2459955   -3.9612813
   1.0820312   -69.958382    2.5002515   -1.3520194   -7.6868792   -5.2564769    -3.961889
   1.0859375   -69.972015    2.5020325   -1.3500373   -7.6871824   -5.2557497   -3.9581068
   1.0898438   -69.985306    2.4990759   -1.3512865   -7.6871605   -5.2449608   -3.9539676
     1.09375   -69.998077      2.48943    -1.353017   -7.6871147   -5.2335377   -3.9533267
   1.0976562   -70.010452    2.4774177   -1.3545461   -7.6874447   -5.2304602   -3.9550462
   1.1015625   -70.022652    2.4695868   -1.3568259   -7.6877818   -5.2365513   -3.9560065
   1.1054688   -70.034653    2.4682136   -1.3585049   -7.6877222   -5.2444882   -3.9562726
    1.109375   -70.046249    2.4698396   -1.3575063    -7.687571   -5.2454448   -3.9569721
   1.1132812   -70.057281    2.4696326   -1.3548621   -7.6876879    -5.237257    -3.956181
   1.1171875   -70.067513    2.4654763    -1.354488   -7.6878128   -5.2267833   -3.9525192
   1.1210938   -70.077065    2.4583216   -1.3588122   -7.6876621   -5.2231717   -3.9502661
       1.125   -70.086601    2.4500165   -1.3653018   -7.6875062   -5.2291937   -3.9542565
   1.1289062    -70.09642    2.4428401   -1.3688639   -7.6876307   -5.2396727   -3.9612772
   1.1328125   -70.105881    2.4393988   -1.3677232   -7.6877995   -5.2464147   -3.9629471
   1.1367188   -70.114204    2.4401689   -1.3651955   -7.6877069   -5.2442775   -3.9571798
    1.140625   -70.121384    2.4409344    -1.365043   -7.6874037   -5.2342124   -3.9513321
   1.1445312   -70.127907    2.4362276   -1.3674974    -7.687161   -5.2222648   -3.9517782
   1.1484375   -70.133949    2.4256997   -1.3711199   -7.6871686   -5.2166085   -3.9555962
   1.1523438   -70.139565     2.415324    -1.375259   -7.6873517   -5.2222886   -3.9569917
     1.15625   -70.144867    2.4108341   -1.3792599   -7.6874962   -5.2360263   -3.9568045
   1.1601562   -70.149826    2.4120784   -1.3816342   -7.6875558   -5.2462749   -3.9588602
   1.1640625   -70.154228    2.4138978   -1.3812253   -7.6875882   -5.2427077    -3.960824
   1.1679688   -70.158234    2.4112964   -1.3791243     -7.68751   -5.2275152   -3.9576745
    1.171875   -70.161995    2.4034631   -1.3788607   -7.6873584   -5.2136698   -3.9526653
   1.1757812   -70.165192    2.3937624   -1.3832846   -7.6873503   -5.2111316   -3.9540467
   1.1796875   -70.167389    2.3865132   -1.3905793   -7.6875753   -5.2183261   -3.9605124
   1.1835938   -70.168587    2.3841257   -1.3953255   -7.6877499    -5.227181   -3.9613428
      1.1875   -70.169289    2.3859603   -1.3948331    -7.687736   -5.2315063   -3.9539547
   1.1914062   -70.170036    2.3880866   -1.3924325   -7.6877837   -5.2298403   -3.9496694
   1.1953125   -70.170601    2.3857133    -1.392808   -7.6880116   -5.2239466   -3.9551373
   1.1992188   -70.170151    2.3777359   -1.3958114   -7.6881251   -5.2178364   -3.9603369
    1.203125    -70.16864    2.3685212   -1.3980063   -7.6880126   -5.2157445   -3.9562173
   1.2070312   -70.167084    2.3638544   -1.3995484   -7.6879835   -5.2179937   -3.9510982
   1.2109375   -70.165871    2.3651602   -1.4034892   -7.6882668   -5.2204943   -3.9546039
   1.2148438   -70.164185    2.3679564   -1.4076391   -7.6885481   -5.2194858   -3.9586437
     1.21875   -70.161568    2.3667521   -1.4062117   -7.6885252   -5.2163038   -3.9523726
   1.2226562   -70.158585    2.3606434   -1.4012839   -7.6884098   -5.2154155   -3.9445572
   1.2265625   -70.155685    2.3533468    -1.401942   -7.6884866   -5.2179899   -3.9504488
   1.2304688   -70.152298    2.3489404   -1.4101052   -7.6885667   -5.2201061   -3.9639399
    1.234375   -70.147827      2.34835   -1.4175305   -7.6884823   -5.2180252    -3.964571
   1.2382812   -70.142914    2.3493962   -1.4182645   -7.6884866   -5.2126794    -3.949841
   1.2421875   -70.138489    2.3493447   -1.4155407   -7.6887169   -5.2076182   -3.9397264
   1.2460938   -70.134033    2.3475182   -1.4145952   -7.6887774   -5.2051826    -3.946053
        1.25   -70.128426    2.3442965   -1.4156635   -7.6884565   -5.2064252   -3.9567509
   1.2539062   -70.121666    2.3396144   -1.4172771   -7.6881647   -5.2114129   -3.9580011
   1.2578125   -70.114578    2.3343756   -1.4207717   -7.6882319   -5.2168274   -3.9541514
   1.2617188   -70.107513    2.3319838   -1.4263259   -7.6883564   -5.2167082   -3.9542289
    1.265625   -70.100204    2.3346541   -1.4291155   -7.6882324   -5.2094889   -3.9547331
   1.2695312   -70.092438    2.3394804   -1.4258305   -7.6880608   -5.2017393   -3.9499683
   1.2734375   -70.084373    2.3405244   -1.4209462   -7.6881156   -5.2008057   -3.9463594
   1.2773438   -70.076019      2.33531   -1.4205748   -7.6882329   -5.2058225   -3.9514022
     1.28125   -70.067322    2.3274837   -1.4246076   -7.6881504   -5.2104807   -3.9584935
   1.2851562    -70.05822     2.323133   -1.4290537   -7.6880093   -5.2114682   -3.9574814
   1.2890625   -70.048599    2.3248236     -1.43159   -7.6881499   -5.2090845   -3.9515944
   1.2929688   -70.038727    2.3301563   -1.4320091   -7.6885443   -5.2034812   -3.9500418
    1.296875   -70.029274    2.3350825   -1.4301389   -7.6888137   -5.1961217    -3.951709
   1.3007812   -70.020042    2.3364687   -1.4265302   -7.6887474   -5.1930528   -3.9505355
   1.3046875    -70.00988    2.3327057   -1.4243999   -7.6886292   -5.1986246   -3.9495056
   1.3085938   -69.998505    2.3249192   -1.4267547   -7.6887431   -5.2070713   -3.9538882
      1.3125   -69.986908    2.3181989   -1.4307882    -7.688849   -5.2076483   -3.9574101
   1.3164062   -69.975632    2.3186643   -1.4307442   -7.6885867   -5.1983776   -3.9521208
   1.3203125   -69.964035    2.3272212   -1.4270719   -7.6882744   -5.1889176   -3.9445918
   1.3242188   -69.951706    2.3369775     -1.42529   -7.6884532   -5.1884713   -3.9460444
    1.328125   -69.939323     2.339417   -1.4264467   -7.6888852   -5.1959124   -3.9535084
   1.3320312   -69.927338    2.3327525   -1.4268659   -7.6889796   -5.2031269   -3.9561696
   1.3359375   -69.915077    2.3233325   -1.4258618   -7.6888204   -5.2040687   -3.9531362
   1.3398438   -69.901886    2.3193014   -1.4265114   -7.6888428    -5.198421   -3.9502361
     1.34375   -69.888435    2.3239415   -1.4289024    -7.688962   -5.1899366   -3.9477441
   1.3476562    -69.87558      2.33389   -1.4289498   -7.6889415   -5.1841164   -3.9448578
   1.3515625   -69.862862    2.3424151    -1.425585   -7.6889982   -5.1851959   -3.9467666
   1.3554688   -69.849258    2.3446286   -1.4234332   -7.6892977   -5.1921473   -3.9542665
    1.359375   -69.834877    2.3407822   -1.4262345   -7.6894751    -5.198226   -3.9568281
   1.3632812   -69.820656    2.3354495   -1.4312619   -7.6892495   -5.1974568   -3.9489226
   1.3671875   -69.806862    2.3336809   -1.4332628   -7.6889877   -5.1904316   -3.9422085
   1.3710938   -69.792961    2.3382888   -1.4316289   -7.6890616   -5.1827669   -3.9466584
       1.375    -69.77874    2.3481081    -1.429626   -7.6892643   -5.1799192   -3.9527478
   1.3789062   -69.764648    2.3576238   -1.4289212   -7.6892819   -5.1833882   -3.9495535
   1.3828125   -69.750717    2.3602536   -1.4290578   -7.6892743   -5.1900616   -3.9454679
   1.3867188   -69.736389    2.3551328   -1.4302083    -7.689415   -5.1946774   -3.9508305
    1.390625   -69.721588    2.3491511   -1.4329839   -7.6895566   -5.1944413   -3.9554501
   1.3945312   -69.706833    2.3503346   -1.4359605   -7.6895466   -5.1909337   -3.9472334
   1.3984375   -69.692162    2.3592031   -1.4363364   -7.6895561    -5.187129   -3.9379838
   1.4023438   -69.677155    2.3691187   -1.4335464   -7.6896715   -5.1843081   -3.9441161
     1.40625   -69.662033    2.3743539   -1.4298992   -7.6897683   -5.1827211   -3.9561172
   1.4101562   -69.647392     2.374804   -1.4286071   -7.6898174   -5.1827903   -3.9550495
   1.4140625    -69.63308    2.3732643   -1.4322581   -7.6899133   -5.1834955   -3.9460235
   1.4179688   -69.618324    2.3722668   -1.4395281   -7.6900029   -5.1824036   -3.9461172
    1.421875    -69.60305    2.3742616   -1.4436673   -7.6899266   -5.1794939   -3.9517221
   1.4257812   -69.587997     2.380882   -1.4401709   -7.6898208   -5.1785164   -3.9484437
   1.4296875   -69.573441    2.3899121   -1.4343824   -7.6898856   -5.1812978   -3.9418709
   1.4335938   -69.558746    2.3951266     -1.43433   -7.6900239   -5.1833868   -3.9469061
      1.4375   -69.543594    2.3929553   -1.4385155   -7.6900916   -5.1797614   -3.9564824
   1.4414062   -69.528442    2.3876095   -1.4401344   -7.6901174   -5.1726422   -3.9528728
   1.4453125   -69.513542    2.3868401   -1.4404367   -7.6901259   -5.1693864    -3.941673
   1.4492188   -69.498604    2.3933058   -1.4450479   -7.6900058   -5.1729264   -3.9426539
    1.453125   -69.483467    2.4028268   -1.4497284   -7.6898565   -5.1791682   -3.9532104
   1.4570312   -69.468384     2.410094   -1.4459044   -7.6899061    -5.183672   -3.9535091
   1.4609375   -69.453522    2.4136672   -1.4387636   -7.6902652   -5.1849375   -3.9438491
   1.4648438    -69.43869    2.4152255   -1.4417759   -7.6906509   -5.1817493   -3.9434686
     1.46875   -69.423782    2.4170129    -1.453747   -7.6907406   -5.1739759   -3.9531345
   1.4726562    -69.40905     2.421088   -1.4602648   -7.6906581   -5.1667833   -3.9531648
   1.4765625   -69.394714    2.4283261   -1.4575502    -7.690649   -5.1669941   -3.9411952
   1.4804688   -69.380638    2.4368131   -1.4555554   -7.6905756   -5.1734757   -3.9380717
    1.484375   -69.366211    2.4430985   -1.4578165    -7.690299   -5.1770859   -3.9496629
   1.4882812   -69.350906    2.4458292   -1.4577086   -7.6900802   -5.1731563   -3.9553239
   1.4921875   -69.335152    2.4465172   -1.4558101   -7.6901822   -5.1680279   -3.9448872
   1.4960938   -69.320076     2.447885   -1.4615014    -7.690414   -5.1687708   -3.9363182
         1.5   -69.306229    2.4525888    -1.473695   -7.6904492   -5.1735373   -3.9426224
   1.5039062   -69.292686    2.4619088   -1.4784279   -7.6903486   -5.1763778   -3.9502091
   1.5078125   -69.278229    2.4731975   -1.4717091   -7.6904044   -5.1758275    -3.946007
   1.5117188   -69.262741     2.480598   -1.4668156   -7.6906753     -5.17308   -3.9398966
    1.515625   -69.247284    2.4807124    -1.471222   -7.6909089   -5.1677957   -3.9430604
   1.5195312   -69.232681    2.4771798   -1.4763254   -7.6909442   -5.1617928   -3.9471235
   1.5234375   -69.218788    2.4775372   -1.4776596   -7.6908479   -5.1610279   -3.9423337
   1.5273438    -69.20491    2.4856229   -1.4826667   -7.6907673   -5.1681032   -3.9368556
     1.53125    -69.19062      2.49792   -1.4912791   -7.6907616   -5.1763353      -3.9412
   1.5351562   -69.175873    2.5077713   -1.4911182   -7.6908665    -5.177083   -3.9487927
   1.5390625   -69.161034    2.5114596   -1.4800715    -7.691071   -5.1701722   -3.9479463
   1.5429688   -69.146538     2.509563   -1.4739134   -7.6912665   -5.1626587     -3.94188
    1.546875   -69.132332    2.5052779   -1.4820486   -7.6912427   -5.1596017   -3.9411936
   1.5507812   -69.117943    2.5036628    -1.493041   -7.6910086   -5.1609616   -3.9450665
   1.5546875   -69.103256     2.510133   -1.4940615   -7.6909204   -5.1650348   -3.9454243
   1.5585938   -69.088669    2.5250287   -1.4896712   -7.6911225   -5.1701298   -3.9430509
      1.5625   -69.074547    2.5403061   -1.4895663    -7.691361   -5.1736379   -3.9443326
   1.5664062   -69.061081    2.5457444   -1.4903821   -7.6914086   -5.1728516    -3.947638
   1.5703125   -69.047974    2.5398772   -1.4852765   -7.6914024   -5.1683826   -3.9468095
   1.5742188   -69.034477    2.5319571   -1.4812995   -7.6916356   -5.1643162   -3.9437168
    1.578125   -69.020187    2.5325487   -1.4884033   -7.6919622   -5.1632447   -3.9442024
   1.5820312   -69.005745    2.5435483   -1.4986336   -7.6919703   -5.1636996   -3.9463475
   1.5859375    -68.99221    2.5583837   -1.4963256   -7.6915712   -5.1633101   -3.9453163
   1.5898438   -68.979568    2.5692346   -1.4840447   -7.6911297   -5.1621394   -3.9442706
     1.59375   -68.966965    2.5724008    -1.478009   -7.6910472   -5.1615629   -3.9476655
   1.5976562   -68.954056    2.5688775   -1.4822698   -7.6913676   -5.1619368   -3.9496529
   1.6015625   -68.941635    2.5635698   -1.4871389   -7.6918197   -5.1623139   -3.9435284
   1.6054688   -68.930313    2.5631936   -1.4883332   -7.6920547   -5.1612778   -3.9366155
    1.609375   -68.919533    2.5716887   -1.4895842   -7.6919398   -5.1586432   -3.9396739
   1.6132812    -68.90844    2.5861042   -1.4897637   -7.6916409   -5.1567578   -3.9472642
   1.6171875   -68.897308    2.5978775   -1.4840122   -7.6915321    -5.158473   -3.9467111
   1.6210938   -68.886871     2.600126   -1.4760028   -7.6917591    -5.163064   -3.9407372
       1.625   -68.877037    2.5945587   -1.4751439   -7.6920223   -5.1668062   -3.9413157
   1.6289062   -68.867409    2.5901799   -1.4820635   -7.6919951   -5.1673217   -3.9461565
   1.6328125   -68.858253     2.594197   -1.4875762   -7.6918211   -5.1653166   -3.9433482
   1.6367188    -68.84993    2.6056697   -1.4860845   -7.6918545   -5.1619868   -3.9358575
    1.640625   -68.842239    2.6180427   -1.4804679   -7.6920681   -5.1579361    -3.937304
   1.6445312   -68.835037    2.6253917   -1.4738585   -7.6921344   -5.1555886   -3.9452522
   1.6484375   -68.828583    2.6255085   -1.4675034   -7.6919208   -5.1578207   -3.9446352
   1.6523438   -68.822777    2.6206424   -1.4656973   -7.6917491   -5.1631351    -3.936641
     1.65625   -68.817085    2.6167655   -1.4708246   -7.6919317   -5.1660414   -3.9369578
   1.6601562   -68.811554    2.6197453   -1.4756247   -7.6923299   -5.1636763   -3.9452868
   1.6640625   -68.806778    2.6305227   -1.4720256   -7.6925159   -5.1587505   -3.9451833
   1.6679688   -68.802727    2.6438341    -1.463448   -7.6923103   -5.1550808   -3.9360342
    1.671875   -68.798737    2.6517146   -1.4574486   -7.6920815   -5.1538286    -3.934855
   1.6757812   -68.795013    2.6498227   -1.4541497   -7.6921582   -5.1550388   -3.9435217
   1.6796875    -68.79248    2.6419225    -1.451597   -7.6923385   -5.1585107   -3.9453621
   1.6835938   -68.791153    2.6373823   -1.4525834   -7.6922879   -5.1620841   -3.9377275
      1.6875   -68.789948    2.6429904   -1.4573735   -7.6921973   -5.1628323   -3.9366117
   1.6914062   -68.788399    2.6565344   -1.4582348   -7.6923113   -5.1605511   -3.9449286
   1.6953125   -68.787239    2.6687586   -1.4499129   -7.6922827   -5.1582355   -3.9468894
   1.6992188   -68.786842     2.671808   -1.4393299   -7.6918468   -5.1580935   -3.9390833
    1.703125   -68.786896    2.6660779   -1.4361492   -7.6915221   -5.1588573   -3.9370954
   1.7070312   -68.787506    2.6589653   -1.4393079    -7.691813   -5.1585617   -3.9450459
   1.7109375   -68.788834    2.6579783    -1.441377   -7.6923666   -5.1575446   -3.9476914
   1.7148438   -68.790375    2.6648102    -1.440591    -7.692596   -5.1569324   -3.9398627
     1.71875   -68.791817    2.6751504   -1.4388396   -7.6925802   -5.1562543   -3.9362373
   1.7226562     -68.7938    2.6826489   -1.4336965   -7.6926279   -5.1549153   -3.9428079
   1.7265625   -68.796883    2.6833773    -1.424366   -7.6927457   -5.1544638   -3.9453666
   1.7304688   -68.800591    2.6782784   -1.4192152   -7.6927738   -5.1564412   -3.9375591
    1.734375   -68.804375    2.6727839   -1.4244945   -7.6927414   -5.1591511   -3.9340935
   1.7382812    -68.80825    2.6731768   -1.4319749   -7.6928043   -5.1598892   -3.9429297
   1.7421875   -68.812141     2.681299   -1.4306237   -7.6928854   -5.1589413   -3.9496744
   1.7460938   -68.816093    2.6920505   -1.4232566   -7.6927714   -5.1583304    -3.943706
        1.75   -68.820885    2.6971595   -1.4186881   -7.6925273   -5.1580634   -3.9360282
   1.7539062   -68.826736    2.6930532   -1.4161707   -7.6925049   -5.1569347   -3.9374712
   1.7578125   -68.832588    2.6847463   -1.4118946   -7.6928711   -5.1564083   -3.9411037
   1.7617188   -68.838005    2.6813781   -1.4114857   -7.6932564   -5.1592536   -3.9396267
    1.765625   -68.843971    2.6871548   -1.4199396   -7.6933227   -5.1639671   -3.9393356
   1.7695312   -68.851158    2.6979342   -1.4273735   -7.6932473   -5.1653609   -3.9438908
   1.7734375   -68.858932    2.7058957   -1.4216225    -7.693326   -5.1611066   -3.9439523
   1.7773438   -68.866653    2.7063887   -1.4085563   -7.6935167   -5.1544614   -3.9354501
     1.78125   -68.874557    2.7001984   -1.4042121   -7.6936226   -5.1496778   -3.9302473
   1.7851562   -68.882919    2.6923792   -1.4112076   -7.6936498   -5.1481867   -3.9366231
   1.7890625   -68.891441    2.6890607   -1.4177704   -7.6936674   -5.1502762   -3.9450674
   1.7929688   -68.899712    2.6937926   -1.4184806   -7.6936741   -5.1561112   -3.9450946
    1.796875   -68.907951    2.7048109   -1.4193211   -7.6936636    -5.163033   -3.9408047
   1.8007812   -68.916832    2.7149937   -1.4208452   -7.6937361   -5.1655874    -3.939003
   1.8046875   -68.926613    2.7160432   -1.4156147   -7.6939373   -5.1613336   -3.9373214
   1.8085938    -68.93676    2.7059934   -1.4063878     -7.69414   -5.1546316   -3.9342546
      1.8125    -68.94696    2.6924741   -1.4063119   -7.6941724   -5.1524243   -3.9359806
   1.8164062   -68.957497    2.6862071   -1.4164602   -7.6941695   -5.1567707   -3.9435279
   1.8203125   -68.968452    2.6912737   -1.4230466   -7.6943054   -5.1635699   -3.9470503
   1.8242188   -68.979477     2.702033   -1.4196423   -7.6944504   -5.1674309   -3.9419208
    1.828125   -68.990494    2.7087612   -1.4135722   -7.6944075   -5.1659951   -3.9367104
   1.8320312   -69.001785    2.7058365   -1.4102299   -7.6942759   -5.1608748   -3.9373329
   1.8359375   -69.013107    2.6956201   -1.4080477   -7.6943259   -5.1555467   -3.9382231
   1.8398438   -69.024208    2.6851068   -1.4082208   -7.6945748   -5.1531119   -3.9365923
     1.84375   -69.035622    2.6804564   -1.4141508   -7.6947899   -5.1548572   -3.9392323
   1.8476562   -69.047935    2.6837904   -1.4214461   -7.6947236   -5.1591439   -3.9461894
   1.8515625   -69.060791    2.6923313   -1.4211142   -7.6945133    -5.162076   -3.9454939
   1.8554688   -69.073563    2.6989589   -1.4131509   -7.6945338   -5.1607933   -3.9351485
    1.859375   -69.085999    2.6962547   -1.4071102   -7.6948791   -5.1569519   -3.9309084
   1.8632812   -69.098236    2.6834121   -1.4081781   -7.6952019   -5.1552868   -3.9401817
   1.8671875   -69.110443    2.6688111   -1.4122182   -7.6951904   -5.1581955   -3.9480789
   1.8710938   -69.122726    2.6631374   -1.4157634    -7.694963   -5.1632872   -3.9426751
       1.875    -69.13517     2.669312   -1.4196069   -7.6949058   -5.1665945   -3.9350035
   1.8789062   -69.147942    2.6796582   -1.4210039   -7.6951947   -5.1661487   -3.9380376
   1.8828125   -69.161102    2.6828208    -1.414799    -7.695519   -5.1625609   -3.9436889
   1.8867188   -69.174332      2.67413   -1.4049526   -7.6955094   -5.1583242   -3.9394701
    1.890625   -69.187332    2.6592643   -1.4029193   -7.6951938   -5.1567569   -3.9326704
   1.8945312   -69.200333     2.648212   -1.4110729    -7.695044   -5.1596322   -3.9372602
   1.8984375   -69.213631    2.6464012   -1.4191682   -7.6953154   -5.1645231   -3.9473593
   1.9023438   -69.227272    2.6518338   -1.4195579   -7.6956534   -5.1666856   -3.9457076
     1.90625   -69.240913    2.6582639   -1.4147444   -7.6957331   -5.1641569   -3.9338489
   1.9101562   -69.253922    2.6593702   -1.4089963   -7.6958151    -5.159543    -3.930614
   1.9140625   -69.266258     2.651598   -1.4034771   -7.6961279   -5.1571093   -3.9399493
   1.9179688   -69.278999    2.6369424   -1.4011343   -7.6962881    -5.158875   -3.9444907
    1.921875   -69.292839     2.623626   -1.4056687   -7.6960363   -5.1633186   -3.9365723
   1.9257812   -69.307014    2.6204607    -1.413617    -7.695785     -5.16681   -3.9315882
   1.9296875   -69.320518    2.6280205   -1.4162343    -7.695859   -5.1670756   -3.9394093
   1.9335938   -69.333595    2.6365759   -1.4106792   -7.6959977   -5.1657734   -3.9460204
      1.9375   -69.347084    2.6355174   -1.4028108   -7.6959791   -5.1663013   -3.9397247
   1.9414062   -69.361122    2.6237514   -1.3982111   -7.6960044   -5.1687093   -3.9332399
   1.9453125   -69.375313    2.6091132   -1.3974484   -7.6962404   -5.1691217   -3.9400365
   1.9492188   -69.389275    2.5996289   -1.4009203    -7.696517    -5.165566   -3.9483268
    1.953125   -69.402779    2.5979753   -1.4081936   -7.6965947   -5.1612759   -3.9412916
   1.9570312   -69.415878    2.6016412   -1.4117615   -7.6964674   -5.1599622   -3.9280043
   1.9609375    -69.42897    2.6053839   -1.4041641   -7.6962852   -5.1612043   -3.9291601
   1.9648438   -69.442192    2.6034515    -1.391692   -7.6961865   -5.1633153   -3.9424686
     1.96875   -69.455276    2.5929778   -1.3873452   -7.6961436   -5.1667485   -3.9481654
   1.9726562   -69.468239    2.5775144    -1.391488    -7.696106   -5.1710963   -3.9422634
   1.9765625    -69.48143    2.5656948   -1.3938392   -7.6961489   -5.1723595   -3.9388063
   1.9804688   -69.494705    2.5632195   -1.3917218   -7.6963778    -5.167501   -3.9418349
    1.984375   -69.507568    2.5670161   -1.3907496   -7.6966352   -5.1604342   -3.9406533
   1.9882812   -69.520081    2.5687339   -1.3893559   -7.6965976   -5.1588378   -3.9345365
   1.9921875   -69.532722    2.5631862    -1.380325   -7.6964445   -5.1649842   -3.9364893
   1.9960938    -69.54557    2.5520787    -1.368638    -7.696568   -5.1736903   -3.9474425