           0   -69.664207      3.42945  -0.25661954   -7.7122474   -2.8562882   -7.0388184
  0.00390625   -69.678436    3.4234972  -0.26122683   -7.7123337   -2.8610845   -7.0413518
   0.0078125   -69.691925    3.4182072  -0.25996974   -7.7125335   -2.8662639   -7.0331259
  0.01171875   -69.706444    3.4151855  -0.25541452   -7.7128363   -2.8656201   -7.0310869
    0.015625    -69.72187    3.4139996  -0.25774503    -7.712903   -2.8578885   -7.0402741
  0.01953125   -69.736679    3.4118743  -0.26300251   -7.7126842   -2.8505852    -7.043612
   0.0234375   -69.750763    3.4069507  -0.25887948   -7.7125607   -2.8516307   -7.0341792
  0.02734375   -69.765305    3.4006116  -0.24801409   -7.7127481   -2.8593049   -7.0281491
     0.03125   -69.780403    3.3954821  -0.24506396   -7.7130122   -2.8649666   -7.0343413
  0.03515625   -69.795158    3.3921392  -0.25205451   -7.7130904   -2.8646917   -7.0389152
   0.0390625    -69.80941    3.3891311  -0.25609851   -7.7130365   -2.8621233   -7.0331292
  0.04296875   -69.823822    3.3851292  -0.25211444   -7.7130308   -2.8604424   -7.0294065
    0.046875   -69.838516    3.3803651  -0.24867944    -7.712975   -2.8586438   -7.0360684
  0.05078125   -69.853027    3.3753855  -0.24915235   -7.7126884   -2.8571646   -7.0409088
   0.0546875   -69.867218    3.3701742  -0.24633513   -7.7123909   -2.8594871   -7.0344043
  0.05859375   -69.881554    3.3652241  -0.24002454   -7.7124009   -2.8651648   -7.0274262
      0.0625   -69.896286    3.3619041  -0.24009104   -7.7125454   -2.8676496   -7.0306892
  0.06640625   -69.911064    3.3598402  -0.24758594   -7.7123642   -2.8628852   -7.0362248
   0.0703125   -69.925766    3.3566515  -0.25116336   -7.7119894   -2.8556502   -7.0341096
  0.07421875   -69.940414    3.3510149  -0.24542697   -7.7119761   -2.8537514   -7.0298071
    0.078125   -69.954521    3.3441696  -0.23793988   -7.7123694   -2.8585198   -7.0307012
  0.08203125    -69.96769    3.3382044  -0.23557507   -7.7126288   -2.8642797   -7.0316439
   0.0859375   -69.980301    3.3339736  -0.23611718   -7.7124844   -2.8661847   -7.0275269
  0.08984375   -69.992996    3.3306592  -0.23641184   -7.7122808   -2.8646877   -7.0255885
     0.09375   -70.006027    3.3270249  -0.23840088   -7.7123637   -2.8620532   -7.0313449
  0.09765625   -70.019295    3.3229043  -0.24259178   -7.7125502   -2.8593311    -7.035831
   0.1015625   -70.032143    3.3182783  -0.24377218   -7.7125335    -2.857713   -7.0309529
  0.10546875   -70.043915    3.3125441  -0.23930487   -7.7124877   -2.8588238   -7.0245819
    0.109375    -70.05481    3.3058405  -0.23536019   -7.7126627   -2.8622773   -7.0264988
  0.11328125   -70.065704     3.300014  -0.23775716   -7.7127733   -2.8652172   -7.0312304
   0.1171875   -70.076729    3.2963734  -0.24362881   -7.7124691   -2.8653963   -7.0295134
  0.12109375   -70.087097    3.2941396  -0.24850349   -7.7120662   -2.8632131   -7.0256524
       0.125   -70.096489    3.2914383  -0.25228104   -7.7120929   -2.8605058   -7.0274692
  0.12890625   -70.105515    3.2869966  -0.25377753   -7.7123775    -2.858742   -7.0299215
   0.1328125   -70.114372    3.2805202  -0.25055748   -7.7122927   -2.8591425   -7.0256786
  0.13671875    -70.12236    3.2728257  -0.24656399   -7.7119651   -2.8625264   -7.0213981
    0.140625   -70.129059    3.2658849   -0.2486237   -7.7119794   -2.8672161   -7.0260682
  0.14453125   -70.135109    3.2618051  -0.25555059   -7.7122178   -2.8692544   -7.0330553
   0.1484375   -70.141602    3.2603889  -0.26079878   -7.7121968   -2.8666046     -7.03127
  0.15234375   -70.148918     3.258702  -0.26304701   -7.7120938   -2.8617611   -7.0249648
     0.15625   -70.156326    3.2544622  -0.26460057   -7.7122717   -2.8588326   -7.0247293
  0.16015625   -70.162376    3.2482951   -0.2638301   -7.7124438   -2.8594518   -7.0278506
   0.1640625   -70.166306    3.2420213  -0.25972578   -7.7121968   -2.8622949   -7.0256896
  0.16796875     -70.1689    3.2364717  -0.25896597   -7.7118492   -2.8657408   -7.0222754
    0.171875   -70.171204    3.2321241  -0.26699707   -7.7119818   -2.8689718   -7.0266204
  0.17578125   -70.173294    3.2297416  -0.27731544   -7.7124763   -2.8705208   -7.0330696
   0.1796875   -70.174889    3.2289798  -0.28013453   -7.7126756   -2.8684759   -7.0294194
  0.18359375   -70.176216    3.2272346  -0.27636468   -7.7123256   -2.8631139   -7.0201759
      0.1875   -70.177483    3.2224643  -0.27380043   -7.7118773   -2.8584352   -7.0202971
  0.19140625   -70.178284    3.2161291  -0.27491307   -7.7118444   -2.8589439   -7.0288067
   0.1953125   -70.178215    3.2113571  -0.27737039   -7.7120872    -2.864368   -7.0310044
  0.19921875   -70.177475    3.2089868  -0.28172529   -7.7121639   -2.8694158   -7.0246787
    0.203125   -70.176537    3.2075615  -0.28918511   -7.7120876   -2.8699934   -7.0215969
  0.20703125   -70.175484    3.2060983  -0.29458967   -7.7122235   -2.8677313   -7.0242934
   0.2109375   -70.174004    3.2045667  -0.29127142   -7.7125387   -2.8666179   -7.0236921
  0.21484375   -70.171967    3.2020376  -0.28294206   -7.7125864   -2.8669298   -7.0191717
     0.21875   -70.169746    3.1972473  -0.28122041   -7.7123351   -2.8658047   -7.0198207
  0.22265625   -70.167419    3.1914551    -0.289377   -7.7122202   -2.8631451   -7.0255065
   0.2265625   -70.164375    3.1877639  -0.29822373   -7.7123609    -2.862272   -7.0260816
  0.23046875   -70.160408    3.1874418  -0.30084813   -7.7123847   -2.8644547     -7.02001
    0.234375   -70.156273    3.1886666  -0.30031705    -7.712131   -2.8668358    -7.017107
  0.23828125   -70.152397    3.1887043  -0.29964554   -7.7118955   -2.8673108   -7.0211267
   0.2421875   -70.147957    3.1862566  -0.29700029   -7.7119474   -2.8677931   -7.0244303
  0.24609375   -70.142189    3.1821058  -0.29423451   -7.7121978   -2.8697464   -7.0223069
        0.25   -70.135735    3.1776118  -0.29793531   -7.7123384   -2.8706698   -7.0191116
  0.25390625   -70.129745    3.1741257  -0.30801758   -7.7122779   -2.8684409   -7.0182548
   0.2578125   -70.124077    3.1731973  -0.31470966   -7.7122183   -2.8656781   -7.0178013
  0.26171875   -70.117691    3.1751585  -0.31155509    -7.712297   -2.8660612   -7.0173888
    0.265625   -70.110359    3.1777408  -0.30448964   -7.7123475   -2.8684015   -7.0192204
  0.26953125   -70.102547    3.1776123  -0.30258897   -7.7121825   -2.8688803   -7.0217333
   0.2734375   -70.094322    3.1734281  -0.30596569    -7.711905   -2.8678367   -7.0215297
  0.27734375   -70.085564    3.1676636  -0.30997843   -7.7118649   -2.8688416   -7.0201607
     0.28125   -70.076538    3.1648414  -0.31450054   -7.7121024   -2.8721058   -7.0200391
  0.28515625   -70.067398    3.1669104   -0.3200314   -7.7122016   -2.8741834    -7.018508
   0.2890625   -70.058205    3.1714246  -0.32153937   -7.7119474   -2.8732936    -7.014679
  0.29296875   -70.049019    3.1743786   -0.3157244   -7.7117357    -2.871068   -7.0144954
    0.296875    -70.03952    3.1738043  -0.30920148   -7.7119064     -2.86941   -7.0202384
  0.30078125   -70.029198    3.1704066  -0.31081352   -7.7122021   -2.8684897   -7.0239186
   0.3046875    -70.01825    3.1664491  -0.31907862    -7.712326   -2.8681638   -7.0199628
  0.30859375   -70.007271    3.1642253  -0.32531932   -7.7123556   -2.8685997   -7.0149584
      0.3125   -69.996178    3.1656594  -0.32574865   -7.7123594   -2.8694758   -7.0157609
  0.31640625   -69.984383    3.1710508    -0.322869   -7.7122245   -2.8703833   -7.0179949
   0.3203125   -69.971954    3.1773279   -0.3187629   -7.7120843   -2.8712292   -7.0160294
  0.32421875   -69.959587    3.1793532  -0.31441942   -7.7121577    -2.871377   -7.0141797
    0.328125   -69.947624    3.1754875  -0.31359333    -7.712296     -2.86974   -7.0170836
  0.33203125   -69.935966    3.1700795  -0.31913093   -7.7122064   -2.8669682   -7.0186324
   0.3359375   -69.924271    3.1686511  -0.32632005   -7.7119527   -2.8661492   -7.0130615
  0.33984375   -69.912178    3.1723394  -0.32771665   -7.7117624   -2.8691638   -7.0080791
     0.34375   -69.899353    3.1783659  -0.32243583   -7.7116904   -2.8736846   -7.0127339
  0.34765625   -69.886002    3.1833646  -0.31535849   -7.7117534   -2.8759866   -7.0206933
   0.3515625   -69.872665    3.1848466  -0.31167367   -7.7119284   -2.8751631   -7.0204644
  0.35546875   -69.859459    3.1824439   -0.3143281   -7.7120428   -2.8729446   -7.0142083
    0.359375   -69.846016    3.1787009  -0.32157731   -7.7120676   -2.8706825   -7.0116916
  0.36328125   -69.832085    3.1777027  -0.32676214   -7.7121925   -2.8684595    -7.012743
   0.3671875   -69.817863    3.1814256   -0.3249678   -7.7123947   -2.8670712   -7.0111113
  0.37109375   -69.803642    3.1878104  -0.31869999   -7.7123885   -2.8680844   -7.0096264
       0.375   -69.789574    3.1927001   -0.3140139   -7.7122092   -2.8718338   -7.0148001
  0.37890625    -69.77562    3.1940632  -0.31356627   -7.7121558    -2.876498   -7.0210853
   0.3828125    -69.76178    3.1931605  -0.31612813   -7.7121744   -2.8787606   -7.0180202
  0.38671875    -69.74794    3.1924181  -0.32039198   -7.7120509   -2.8760242   -7.0095539
    0.390625    -69.73349    3.1936266   -0.3250207   -7.7118883    -2.869036   -7.0088387
  0.39453125   -69.718307    3.1976728   -0.3263469   -7.7119379   -2.8627765   -7.0158172
   0.3984375   -69.703201    3.2036664   -0.3216109   -7.7121444   -2.8628011    -7.018075
  0.40234375   -69.688629    3.2087677  -0.31510407   -7.7121749   -2.8693364    -7.013186
     0.40625   -69.674179    3.2108343   -0.3147161   -7.7119455   -2.8764627   -7.0111985
  0.41015625   -69.659576    3.2106872  -0.32097614   -7.7118325   -2.8782806   -7.0149727
   0.4140625   -69.644936    3.2114692  -0.32691354   -7.7121353   -2.8744977    -7.016284
  0.41796875   -69.630066    3.2154078  -0.32869986   -7.7124753   -2.8697269   -7.0126743
    0.421875   -69.614655    3.2217054  -0.32805824   -7.7122941   -2.8681951   -7.0115824
  0.42578125   -69.598953    3.2275186  -0.32627457   -7.7118273   -2.8699241    -7.015295
   0.4296875   -69.583679    3.2311864  -0.32322687   -7.7117844   -2.8722467   -7.0167012
  0.43359375   -69.569046    3.2331331  -0.32142937   -7.7122493   -2.8733511   -7.0132422
      0.4375   -69.554482    3.2349365  -0.32555693   -7.7126198   -2.8737793   -7.0114627
  0.44140625   -69.539574    3.2384443  -0.33506384   -7.7125235   -2.8748345   -7.0143552
   0.4453125   -69.524666    3.2449856  -0.34158581   -7.7121415   -2.8758593   -7.0159097
  0.44921875   -69.509972    3.2538049  -0.33919856   -7.7119765    -2.874578   -7.0126266
    0.453125   -69.495171    3.2616117  -0.33341774    -7.712214   -2.8709223   -7.0102572
  0.45703125   -69.480011    3.2649453   -0.3331753   -7.7124915   -2.8685286   -7.0129943
   0.4609375   -69.464722    3.2639403  -0.33805844   -7.7125669   -2.8706994   -7.0153751
  0.46484375   -69.449631    3.2632897  -0.34217733   -7.7126002   -2.8758187   -7.0121684
     0.46875   -69.434845    3.2679017  -0.34559354   -7.7126479   -2.8785625   -7.0080018
  0.47265625   -69.420555    3.2779837  -0.35087106   -7.7126327   -2.8756101   -7.0093269
   0.4765625   -69.406593     3.288753   -0.3537389   -7.7126179   -2.8693178   -7.0136914
  0.48046875   -69.392227    3.2953267  -0.34938884   -7.7126694   -2.8655477    -7.015202
    0.484375    -69.37709    3.2960541  -0.34384331   -7.7127299   -2.8677368   -7.0143437
  0.48828125   -69.361984    3.2931271  -0.34716985    -7.712749   -2.8735881   -7.0140963
   0.4921875   -69.347664    3.2914047  -0.35768422   -7.7128315   -2.8776996   -7.0127983
  0.49609375   -69.333618    3.2957692  -0.36408591   -7.7129583   -2.8764634   -7.0090694
         0.5   -69.319267    3.3064802  -0.36260787   -7.7129359   -2.8706839   -7.0073786
  0.50390625   -69.305008    3.3180754  -0.36018562   -7.7127609   -2.8651125    -7.010725
   0.5078125   -69.291122    3.3237853  -0.36019924   -7.7126498   -2.8647668   -7.0139332
  0.51171875   -69.276909    3.3217463   -0.3591617   -7.7127233    -2.870615   -7.0122356
    0.515625   -69.261909    3.3166633  -0.35831451   -7.7127905   -2.8784349   -7.0100856
  0.51953125   -69.246841    3.3154082  -0.36359686   -7.7126088   -2.8820374   -7.0128202
   0.5234375   -69.232628    3.3217149  -0.37271571   -7.7123666   -2.8787174   -7.0161886
  0.52734375   -69.218956    3.3340731  -0.37564313   -7.7124453   -2.8715177   -7.0138755
     0.53125   -69.204865    3.3469813  -0.36996499   -7.7126942   -2.8660915   -7.0094318
  0.53515625   -69.190361    3.3541937  -0.36463425   -7.7126536   -2.8656135   -7.0100727
   0.5390625   -69.176071      3.35361  -0.36614534    -7.712429    -2.869024   -7.0138097
  0.54296875   -69.161942    3.3491287  -0.37103191   -7.7124414   -2.8729689   -7.0139194
    0.546875    -69.14743    3.3481729  -0.37450734   -7.7125492   -2.8746917   -7.0114918
  0.55078125   -69.132492    3.3557489  -0.37727782   -7.7123413   -2.8735368   -7.0121169
   0.5546875   -69.117569    3.3702393  -0.37995377   -7.7119908   -2.8707786   -7.0147033
  0.55859375    -69.10305    3.3839626  -0.37880191   -7.7119975   -2.8683438   -7.0140944
      0.5625   -69.089264    3.3897231  -0.37306949   -7.7123046   -2.8677955   -7.0110302
  0.56640625   -69.076187    3.3869693   -0.3698048   -7.7124395   -2.8698313   -7.0104127
   0.5703125   -69.063042    3.3818932  -0.37451655   -7.7122908   -2.8732297   -7.0124736
  0.57421875   -69.049034    3.3816674  -0.38250279   -7.7121911   -2.8753977   -7.0133648
    0.578125   -69.034447    3.3892488  -0.38556471   -7.7122383   -2.8750207   -7.0131025
  0.58203125   -69.020477    3.4021194  -0.38232142   -7.7122769   -2.8735795   -7.0149441
   0.5859375   -69.007874    3.4142876  -0.37735474   -7.7123122   -2.8730044   -7.0172849
  0.58984375   -68.995895    3.4203281  -0.37446627   -7.7124367   -2.8727903   -7.0151467
     0.59375   -68.983376    3.4192741  -0.37456712   -7.7125111   -2.8713288   -7.0105748
  0.59765625   -68.970337     3.415482  -0.37744749   -7.7124858   -2.8690081   -7.0115094
   0.6015625   -68.957603    3.4155164  -0.38193706   -7.7124667   -2.8678262   -7.0178642
  0.60546875   -68.945518    3.4231317  -0.38486835   -7.7125192    -2.868427   -7.0200891
    0.609375   -68.934052    3.4358082  -0.38306198   -7.7125854   -2.8696687   -7.0147533
  0.61328125   -68.923058    3.4469149  -0.37716582   -7.7126389   -2.8706293   -7.0098271
   0.6171875   -68.912315    3.4511952  -0.37184373   -7.7126718   -2.8712702   -7.0111136
  0.62109375   -68.901924    3.4484005   -0.3713513   -7.7127204   -2.8713865   -7.0143919
       0.625   -68.892326    3.4433563  -0.37569398   -7.7127643   -2.8707774   -7.0149646
  0.62890625   -68.883568    3.4431148  -0.38054001   -7.7127528    -2.870069   -7.0152969
   0.6328125   -68.875008     3.451292  -0.38017529   -7.7126541   -2.8700531   -7.0176859
  0.63671875   -68.866295    3.4641306  -0.37316927   -7.7125211    -2.870173   -7.0179863
    0.640625   -68.858131    3.4736819  -0.36499441    -7.712482   -2.8686869   -7.0134029
  0.64453125   -68.851364    3.4751005  -0.36146006   -7.7125449   -2.8654191   -7.0092621
   0.6484375   -68.845543    3.4707892  -0.36186561   -7.7125654   -2.8632686   -7.0112586
  0.65234375   -68.839638    3.4676266  -0.36287802   -7.7124996   -2.8651636   -7.0165334
     0.65625   -68.833618    3.4707844  -0.36418515   -7.7125092   -2.8702743   -7.0185685
  0.66015625   -68.828178    3.4797871  -0.36452174   -7.7126226   -2.8750808   -7.0164576
   0.6640625   -68.823616    3.4899659  -0.35878241   -7.7126336   -2.8770006   -7.0138373
  0.66796875   -68.819786    3.4963481  -0.34693632   -7.7124825   -2.8752325   -7.0124965
    0.671875   -68.816299    3.4969244  -0.33898821   -7.7124348   -2.8703039   -7.0119915
  0.67578125   -68.812897    3.4935548  -0.34243867   -7.7126293   -2.8651559   -7.0131192
   0.6796875   -68.809898    3.4912608  -0.35048977    -7.712863   -2.8643475   -7.0169883
  0.68359375   -68.808128    3.4949071  -0.35145217    -7.712882   -2.8694172   -7.0210519
      0.6875   -68.807449    3.5045619  -0.34484592   -7.7127185   -2.8758576   -7.0206275
  0.69140625   -68.806618    3.5142622  -0.33843535    -7.712676   -2.8772323   -7.0155754
   0.6953125   -68.805191    3.5177667  -0.33415186   -7.7129292   -2.8722346   -7.0114355
  0.69921875    -68.80439    3.5149519  -0.32903332   -7.7132564   -2.8655131   -7.0124888
    0.703125      -68.805    3.5113029  -0.32663348   -7.7133684   -2.8617749   -7.0166383
  0.70703125   -68.805908    3.5119591  -0.33270246   -7.7133145   -2.8619933   -7.0184431
   0.7109375   -68.806198    3.5179217  -0.34059042    -7.713367    -2.865082   -7.0161285
  0.71484375   -68.806969    3.5263114  -0.33676732   -7.7135005   -2.8693078   -7.0139198
     0.71875   -68.809448    3.5322707  -0.32213527   -7.7134738   -2.8719087   -7.0160165
  0.72265625   -68.812973    3.5316715  -0.31234312   -7.7132716   -2.8707139   -7.0199647
   0.7265625     -68.8162    3.5249474  -0.31446335   -7.7132058    -2.867487   -7.0203838
  0.73046875   -68.819115    3.5182445  -0.31927955   -7.7133932   -2.8664827   -7.0180116
    0.734375    -68.82251    3.5185285  -0.32018298   -7.7135916   -2.8687642   -7.0181804
  0.73828125   -68.826576    3.5271497   -0.3216553   -7.7135515   -2.8709869   -7.0202379
   0.7421875   -68.830925    3.5384898  -0.32389876   -7.7134328   -2.8704941   -7.0180984
  0.74609375    -68.83548    3.5449338  -0.31815672   -7.7134604   -2.8687294   -7.0125556
        0.75   -68.840378    3.5428498  -0.30524057   -7.7135372   -2.8681123     -7.01228
  0.75390625   -68.845528    3.5348821  -0.30035594   -7.7134771   -2.8687913   -7.0192351
   0.7578125   -68.851105    3.5278575   -0.3095929   -7.7134089   -2.8698902   -7.0240459
  0.76171875   -68.857307    3.5285242  -0.31921515    -7.713449   -2.8711195   -7.0210204
    0.765625   -68.863754    3.5383201  -0.31752399   -7.7134438   -2.8713267   -7.0168366
  0.76953125   -68.870132    3.5507684   -0.3102906    -7.713201   -2.8686385   -7.0176549
   0.7734375   -68.876991    3.5561423  -0.30602264   -7.7129388   -2.8640504   -7.0188184
  0.77734375   -68.884682    3.5505004  -0.30240512   -7.7129936   -2.8618164   -7.0164042
     0.78125   -68.892372    3.5388415  -0.29745105   -7.7133293   -2.8643324   -7.0168324
  0.78515625   -68.899246    3.5298846  -0.29869556   -7.7136436   -2.8688252   -7.0233417
   0.7890625   -68.906166    3.5297949  -0.30841494    -7.713707   -2.8711467   -7.0256114
  0.79296875   -68.914574    3.5388587  -0.31378004   -7.7135677   -2.8703086   -7.0174184
    0.796875   -68.924332    3.5509183  -0.30544984   -7.7134519   -2.8677626   -7.0112486
  0.80078125   -68.934258    3.5563712  -0.29322708   -7.7134719   -2.8652017   -7.0185399
   0.8046875   -68.944389    3.5498395  -0.29008722     -7.71351   -2.8641171   -7.0286803
  0.80859375   -68.955292    3.5359786  -0.29377219   -7.7134628   -2.8653495   -7.0265012
      0.8125   -68.966354    3.5262282  -0.29679394   -7.7134347   -2.8681009   -7.0181279
  0.81640625   -68.976776    3.5281632  -0.30024424   -7.7134719   -2.8700452   -7.0186248
   0.8203125   -68.986992     3.539079  -0.30512515   -7.7134728   -2.8694258   -7.0248365
  0.82421875   -68.998123    3.5493953  -0.30417684   -7.7133784    -2.867064   -7.0235615
    0.828125    -69.01017     3.551034  -0.29496562   -7.7132635   -2.8653221   -7.0180941
  0.83203125    -69.02179    3.5426459  -0.28838131   -7.7132258   -2.8653421    -7.021286
   0.8359375   -69.032318    3.5297067  -0.29316318   -7.7131882   -2.8665438   -7.0287232
  0.83984375   -69.042923    3.5210853  -0.30312607   -7.7130837   -2.8681171   -7.0255189
     0.84375   -69.054947    3.5228846  -0.30819547    -7.713007   -2.8693273   -7.0154467
  0.84765625   -69.067711    3.5328028  -0.30771795   -7.7131381   -2.8689365   -7.0165572
   0.8515625   -69.079903    3.5414457  -0.30530724    -7.713366   -2.8664553   -7.0289879
  0.85546875   -69.091766    3.5405004  -0.30038577   -7.7133541   -2.8635166    -7.033524
    0.859375   -69.104355    3.5294766  -0.29413682   -7.7131639   -2.8620315   -7.0239487
  0.86328125    -69.11747    3.5155861  -0.29441628   -7.7131758   -2.8625062   -7.0154428
   0.8671875   -69.130264    3.5075645  -0.30398083   -7.7133884   -2.8644395   -7.0174599
  0.87109375   -69.142609    3.5090237  -0.31227317   -7.7134471   -2.8665884   -7.0217052
       0.875   -69.154976    3.5162578   -0.3094984   -7.7132597   -2.8671668   -7.0215611
  0.87890625   -69.167587    3.5213876  -0.30052173   -7.7131038    -2.865447   -7.0226259
   0.8828125   -69.180481    3.5177968  -0.29492456   -7.7131472   -2.8634553   -7.0273948
  0.88671875   -69.193581    3.5052686  -0.29332027   -7.7131939   -2.8643482   -7.0278821
    0.890625   -69.206451    3.4909644  -0.29325512   -7.7131209   -2.8681071   -7.0211415
  0.89453125   -69.218964    3.4836919  -0.29742917   -7.7131205   -2.8703268   -7.0164146
   0.8984375   -69.231743      3.48614  -0.30541661   -7.7133617   -2.8672926   -7.0197086
  0.90234375   -69.245209    3.4927459  -0.30747035   -7.7137299   -2.8610728   -7.0248075
     0.90625   -69.258995    3.4949498  -0.29799551   -7.7139044   -2.8573759   -7.0256448
  0.91015625   -69.272476    3.4882503  -0.28684923   -7.7137399   -2.8589911   -7.0248032
   0.9140625   -69.285583     3.475302  -0.28581598   -7.7134452   -2.8637066   -7.0247765
  0.91796875   -69.298706    3.4633193  -0.29188678   -7.7132969   -2.8677397   -7.0234289
    0.921875   -69.312149     3.458766  -0.29534844   -7.7133169   -2.8686886   -7.0216656
  0.92578125   -69.325737    3.4621253  -0.29565886   -7.7133408   -2.8664424   -7.0236177
   0.9296875   -69.339096    3.4670353  -0.29625139   -7.7132802   -2.8633933   -7.0278678
  0.93359375   -69.352173    3.4655647  -0.29288203   -7.7132373   -2.8627858   -7.0290198
      0.9375    -69.36525    3.4554472  -0.28242862   -7.7132792    -2.865135   -7.0272236
  0.94140625    -69.37854    3.4416459  -0.27483717   -7.7133265   -2.8671842   -7.0264454
   0.9453125   -69.391884    3.4316514   -0.2801657   -7.7132545   -2.8660419   -7.0262094
  0.94921875   -69.405235    3.4295301  -0.29057226   -7.7130332   -2.8630815   -7.0244975
    0.953125    -69.41877    3.4334307  -0.29135031   -7.7127953   -2.8619499   -7.0245399
  0.95703125   -69.432213    3.4371979  -0.28324252   -7.7127585   -2.8638039   -7.0292988
   0.9609375   -69.444969    3.4344296  -0.27734992   -7.7130198   -2.8660181   -7.0336185
  0.96484375    -69.45726    3.4232957   -0.2749984   -7.7133451   -2.8657467   -7.0313826
     0.96875   -69.470062    3.4085913  -0.27043706   -7.7133837   -2.8634677   -7.0264006
  0.97265625    -69.48365    3.3985109  -0.26711318   -7.7131963   -2.8613722   -7.0264096
   0.9765625   -69.497162    3.3979504   -0.2725141   -7.7131362   -2.8598702   -7.0298953
  0.98046875   -69.510086    3.4041703  -0.28047237    -7.713285    -2.858603   -7.0299196
    0.984375   -69.523026    3.4083922   -0.2773912   -7.7134709     -2.85923   -7.0280976
  0.98828125   -69.536697    3.4028773  -0.26468429   -7.7136569   -2.8635137   -7.0315723
   0.9921875   -69.550652    3.3876486  -0.25710398   -7.7138138   -2.8686411   -7.0370636
  0.99609375    -69.56385    3.3710001  -0.25937358   -7.7137628   -2.8690479   -7.0333099
           1   -69.576073    3.3625493  -0.26191717   -7.7134285   -2.8638468   -7.0221348
   1.0039062   -69.588165     3.364749  -0.26017123   -7.7131042   -2.8584299   -7.0203848
   1.0078125   -69.600906    3.3710406  -0.26005411   -7.7130671   -2.8576877   -7.0330777
   1.0117188   -69.614021    3.3719447  -0.26161847   -7.7131667   -2.8612037   -7.0422382
    1.015625   -69.626701    3.3626828  -0.25600693   -7.7132058   -2.8651028   -7.0347524
   1.0195312   -69.638947    3.3462315  -0.24410412   -7.7132173   -2.8657908   -7.0235176
   1.0234375   -69.651505    3.3308446  -0.23951873   -7.7131858   -2.8625062   -7.0247574
   1.0273438   -69.664497     3.323894  -0.24655887   -7.7130198   -2.8580735   -7.0317798
     1.03125   -69.677361    3.3268127  -0.25289294   -7.7129683   -2.8569095   -7.0308161
   1.0351562   -69.689987    3.3338013  -0.24998535   -7.7132044    -2.860266   -7.0272689
   1.0390625   -69.702721    3.3353686  -0.24428374    -7.713418   -2.8651388   -7.0330582
   1.0429688   -69.715355    3.3253636  -0.24222413   -7.7133703   -2.8678911   -7.0404315
    1.046875   -69.727348    3.3069925  -0.23998013   -7.7132511   -2.8669193   -7.0341725
   1.0507812   -69.738884    3.2910562    -0.235478   -7.7132702   -2.8626122   -7.0213642
   1.0546875   -69.751106    3.2867532  -0.23564081   -7.7133265   -2.8573074   -7.0225201
   1.0585938    -69.76458    3.2932179  -0.24304646   -7.7132416   -2.8549581    -7.036489
      1.0625   -69.778069    3.3006577  -0.24842307   -7.7131152    -2.858417   -7.0413437
   1.0664062   -69.790359    3.2996337   -0.2448422   -7.7131338    -2.865519   -7.0311031
   1.0703125   -69.801819    3.2885644  -0.23860894   -7.7131925   -2.8692148   -7.0238008
   1.0742188   -69.813423    3.2732837   -0.2381088   -7.7131162   -2.8648276   -7.0285521
    1.078125   -69.825294    3.2614181  -0.24174993   -7.7130203   -2.8560007   -7.0324917
   1.0820312   -69.836891    3.2574651  -0.24445137   -7.7130122   -2.8509109   -7.0283861
   1.0859375   -69.848221    3.2610979  -0.24649073   -7.7129655   -2.8531537   -7.0284848
   1.0898438   -69.859779    3.2669997  -0.24878821   -7.7129073   -2.8592038   -7.0387659
     1.09375   -69.871498    3.2668242  -0.24804635   -7.7129974   -2.8635449   -7.0433326
   1.0976562   -69.882607    3.2556028  -0.24313685   -7.7130833   -2.8628793   -7.0310516
   1.1015625   -69.892769    3.2376578  -0.23926257   -7.7130032   -2.8572395     -7.01752
   1.1054688    -69.90255    3.2239835  -0.24100666    -7.712925   -2.8508637   -7.0216002
    1.109375   -69.912399    3.2221074  -0.24669382   -7.7129469   -2.8502772   -7.0361404
   1.1132812   -69.921768    3.2289622  -0.25133139   -7.7128906   -2.8579566   -7.0418639
   1.1171875   -69.930077    3.2340686  -0.25157058    -7.712677   -2.8680511   -7.0375261
   1.1210938    -69.93779    3.2296214  -0.24782211    -7.712554    -2.871089   -7.0349679
       1.125   -69.945786    3.2165558  -0.24367943   -7.7127366   -2.8638024   -7.0345826
   1.1289062   -69.953995    3.2017245  -0.24331468   -7.7130299   -2.8526947   -7.0287452
   1.1328125   -69.961624    3.1917117  -0.24771418   -7.7131195   -2.8476083    -7.022769
   1.1367188   -69.968338    3.1893044  -0.25361261   -7.7130609   -2.8522637   -7.0291185
    1.140625   -69.974472    3.1927979    -0.257061   -7.7130942   -2.8619397      -7.0432
   1.1445312   -69.980003    3.1967211  -0.25717789   -7.7132092   -2.8684492   -7.0465107
   1.1484375    -69.98455    3.1944809  -0.25583774   -7.7131753   -2.8662434   -7.0349464
   1.1523438   -69.988495    3.1832271  -0.25451827   -7.7129574   -2.8560519   -7.0247579
     1.15625   -69.992668    3.1675074  -0.25414839    -7.712852   -2.8451524   -7.0274773
   1.1601562   -69.996811    3.1564012  -0.25761575   -7.7130618   -2.8427577   -7.0359993
   1.1640625   -69.999626    3.1553187  -0.26621634   -7.7133598   -2.8520441   -7.0401754
   1.1679688   -70.000961    3.1606195   -0.2742694   -7.7133431   -2.8660522   -7.0406857
    1.171875   -70.002312    3.1633849  -0.27474919    -7.713109   -2.8728006   -7.0405898
   1.1757812   -70.004166    3.1577275  -0.26957679    -7.713038   -2.8664091   -7.0371423
   1.1796875   -70.005203    3.1451919  -0.26717159   -7.7131166   -2.8525295    -7.030169
   1.1835938   -70.004631    3.1323481  -0.27081764   -7.7131443   -2.8427334   -7.0272951
      1.1875   -70.003601    3.1256442  -0.27660349     -7.71314   -2.8443398   -7.0332479
   1.1914062    -70.00322    3.1265395  -0.28183717   -7.7131939   -2.8552628   -7.0417609
   1.1953125   -70.002876    3.1306539  -0.28744292   -7.7133031   -2.8665719   -7.0439715
   1.1992188   -70.001366    3.1316547  -0.29145464   -7.7134662   -2.8691621    -7.039619
    1.203125   -69.998581    3.1260834  -0.28907445   -7.7136245   -2.8608198   -7.0347452
   1.2070312   -69.995369    3.1151743  -0.28273398   -7.7136598   -2.8482416   -7.0334229
   1.2109375   -69.992355    3.1042082  -0.28259391   -7.7135463    -2.841397   -7.0359578
   1.2148438   -69.989403    3.0992732  -0.29194307    -7.713387   -2.8453968   -7.0404358
     1.21875   -69.986145    3.1024551  -0.30195755   -7.7133317   -2.8569777   -7.0429525
   1.2226562   -69.982513    3.1093311  -0.30538282    -7.713398   -2.8670847   -7.0403347
   1.2265625    -69.97847    3.1117723  -0.30478323   -7.7133541   -2.8673723   -7.0348597
   1.2304688   -69.973747    3.1051645  -0.30364969    -7.713141   -2.8575997   -7.0324111
    1.234375   -69.968506    3.0930402  -0.30108145   -7.7130179   -2.8467023   -7.0348229
   1.2382812   -69.963196    3.0838127  -0.29896441   -7.7130704   -2.8440955   -7.0387931
   1.2421875   -69.957695    3.0825067  -0.30338177    -7.713151   -2.8502953   -7.0420699
   1.2460938   -69.951569    3.0871143  -0.31407282   -7.7132244   -2.8582158   -7.0440335
        1.25   -69.944878    3.0916243  -0.32102832    -7.713397   -2.8616512   -7.0421829
   1.2539062   -69.937965    3.0914192  -0.31757423   -7.7136159   -2.8589747   -7.0357718
   1.2578125   -69.930786    3.0856099  -0.31007984   -7.7136521   -2.8518732    -7.030952
   1.2617188   -69.923141    3.0769324    -0.308144   -7.7134724   -2.8451488   -7.0339417
    1.265625   -69.915054    3.0703857  -0.31176385   -7.7133837    -2.845495   -7.0406914
   1.2695312   -69.906731    3.0703676  -0.31547928   -7.7134805   -2.8541677   -7.0421872
   1.2734375   -69.898209    3.0764883  -0.31893411   -7.7134371   -2.8626812   -7.0381289
   1.2773438   -69.889404    3.0828078  -0.32398033    -7.713191   -2.8615131   -7.0355511
     1.28125   -69.880234    3.0826392  -0.32596719   -7.7131772   -2.8518949   -7.0357337
   1.2851562   -69.870628    3.0748837  -0.31967083   -7.7134981   -2.8439205   -7.0340958
   1.2890625   -69.860527    3.0652466  -0.31126195    -7.713623   -2.8438067   -7.0324402
   1.2929688   -69.850037    3.0608778  -0.31204161    -7.713304   -2.8487966   -7.0374331
    1.296875   -69.839439    3.0643101   -0.3214193   -7.7130723   -2.8538835   -7.0453205
   1.3007812   -69.828918     3.071728  -0.32849526    -7.713305    -2.856756   -7.0438247
   1.3046875   -69.818199     3.076807  -0.32914016    -7.713624   -2.8554325    -7.032702
   1.3085938   -69.806976    3.0753639  -0.32786161    -7.713604   -2.8487637   -7.0268807
      1.3125   -69.795258    3.0679033   -0.3253926   -7.7134399   -2.8415213   -7.0336781
   1.3164062    -69.78334    3.0590916  -0.32016858   -7.7134728   -2.8423567   -7.0417123
   1.3203125   -69.771339    3.0553112  -0.31794509   -7.7135425   -2.8524764    -7.040339
   1.3242188   -69.759094    3.0597208  -0.32454547   -7.7134552   -2.8616807   -7.0357056
    1.328125    -69.74678    3.0691109  -0.33437884   -7.7134385   -2.8602779   -7.0368638
   1.3320312    -69.73452    3.0760446  -0.33745661   -7.7136788   -2.8509691   -7.0397692
   1.3359375   -69.721962    3.0748427  -0.33242595   -7.7138991   -2.8441186   -7.0375962
   1.3398438    -69.70874    3.0663106   -0.3256464   -7.7137623   -2.8448718   -7.0349569
     1.34375   -69.695221    3.0575135   -0.3222771   -7.7133865   -2.8501492   -7.0384865
   1.3476562   -69.681984    3.0556211  -0.32336667   -7.7131686   -2.8550751   -7.0432291
   1.3515625   -69.669052    3.0614543  -0.32808393   -7.7132111   -2.8569462   -7.0413766
   1.3554688   -69.656189    3.0701542  -0.33380789   -7.7133141   -2.8544307   -7.0361738
    1.359375   -69.643127    3.0760109  -0.33611166   -7.7133799    -2.848356   -7.0358515
   1.3632812   -69.629608    3.0760076  -0.33263698   -7.7135663   -2.8436725   -7.0404696
   1.3671875   -69.615509    3.0706341  -0.32661456   -7.7138171   -2.8460796   -7.0434828
   1.3710938   -69.601097    3.0641918  -0.32342321   -7.7138195   -2.8543098   -7.0422087
       1.375   -69.586975    3.0623074  -0.32488215   -7.7135806   -2.8591454   -7.0400739
   1.3789062    -69.57354    3.0677025  -0.32991964   -7.7135115   -2.8537595   -7.0397696
   1.3828125   -69.560097    3.0772848  -0.33644095   -7.7137527   -2.8428166   -7.0397596
   1.3867188   -69.545685    3.0844665   -0.3396453   -7.7139821   -2.8377614   -7.0387526
    1.390625   -69.530327    3.0847633  -0.33512509    -7.713944   -2.8437278   -7.0388441
   1.3945312   -69.515335    3.0799241  -0.32640696   -7.7137709   -2.8542886   -7.0412288
   1.3984375   -69.501549    3.0759606  -0.32305375    -7.713726   -2.8595777   -7.0427036
   1.4023438   -69.488297    3.0776067  -0.32849222   -7.7138023   -2.8564045   -7.0405555
     1.40625   -69.474594    3.0847178  -0.33577877   -7.7137365   -2.8489239   -7.0374808
   1.4101562   -69.460266      3.09337  -0.33833048   -7.7134843   -2.8429139   -7.0375743
   1.4140625   -69.445572    3.0992317  -0.33754727   -7.7133646    -2.842252   -7.0402436
   1.4179688   -69.430862    3.1000257  -0.33636624   -7.7135243   -2.8478296   -7.0417848
    1.421875   -69.416473    3.0971506  -0.33352363   -7.7136416   -2.8558903   -7.0411501
   1.4257812   -69.402252    3.0954123   -0.3299472   -7.7135477   -2.8590086   -7.0400133
   1.4296875   -69.387787    3.0992727   -0.3322652   -7.7135477   -2.8526936   -7.0384307
   1.4335938   -69.373116    3.1083772  -0.34217942   -7.7138586   -2.8411052   -7.0355659
      1.4375   -69.358727    3.1179445   -0.3503567   -7.7141175    -2.833868   -7.0335045
   1.4414062   -69.344833    3.1234069   -0.3490358   -7.7139969   -2.8366623   -7.0351863
   1.4453125   -69.331116    3.1239502  -0.34356567   -7.7137423   -2.8466301   -7.0391622
   1.4492188   -69.317024    3.1223583  -0.34268734    -7.713695   -2.8565164   -7.0409455
    1.453125   -69.302483    3.1225913  -0.34527788   -7.7137861   -2.8606427   -7.0394888
   1.4570312   -69.287987    3.1270299  -0.34741345    -7.713799   -2.8569078    -7.037499
   1.4609375   -69.273949     3.134645  -0.35252202    -7.713768    -2.847316   -7.0359316
   1.4648438   -69.260193    3.1418617  -0.36198127   -7.7137403   -2.8381512   -7.0339384
     1.46875   -69.246597    3.1455042   -0.3664532   -7.7136793    -2.836005   -7.0332804
   1.4726562   -69.233337    3.1455824  -0.35971957   -7.7136312   -2.8419948    -7.036037
   1.4765625   -69.220192    3.1449387  -0.35148999   -7.7138042   -2.8506169   -7.0386934
   1.4804688   -69.206604    3.1468871  -0.35352185   -7.7141824   -2.8546276   -7.0366616
    1.484375   -69.192627    3.1525111   -0.3628042   -7.7143612   -2.8512256   -7.0334778
   1.4882812    -69.17878     3.160135  -0.36963943   -7.7141647   -2.8442917   -7.0352788
   1.4921875   -69.165306    3.1665366  -0.37181959   -7.7139015   -2.8401015   -7.0387077
   1.4960938   -69.152092    3.1696661  -0.37185255   -7.7137823   -2.8415618   -7.0365448
         1.5   -69.138954    3.1700294  -0.36935931   -7.7137494   -2.8469353   -7.0320768
   1.5039062   -69.125511    3.1701608  -0.36438024   -7.7138543   -2.8522074   -7.0340357
   1.5078125   -69.111633    3.1726139  -0.36249214   -7.7141156   -2.8536053   -7.0398736
   1.5117188    -69.09774    3.1784759   -0.3687008   -7.7142572   -2.8496122   -7.0394616
    1.515625   -69.084244    3.1863251  -0.37888336   -7.7141271   -2.8431432    -7.032999
   1.5195312   -69.071083    3.1931016  -0.38419506    -7.713944   -2.8399966   -7.0301838
   1.5234375   -69.058014    3.1968005  -0.38209787   -7.7139754   -2.8428419   -7.0335951
   1.5273438   -69.044922    3.1983523  -0.37744981   -7.7141795   -2.8480122   -7.0361276
     1.53125   -69.031868    3.2005432  -0.37510875   -7.7142997   -2.8501339   -7.0346351
   1.5351562   -69.019012    3.2054837  -0.37676001   -7.7142467   -2.8484068   -7.0343428
   1.5390625   -69.006348    3.2131078  -0.38224596   -7.7141905   -2.8461783   -7.0371985
   1.5429688   -68.993515    3.2212393  -0.38922152    -7.714272   -2.8452847   -7.0371027
    1.546875   -68.980286    3.2275362  -0.39332536   -7.7143946   -2.8443513   -7.0316834
   1.5507812    -68.96714    3.2311864  -0.39192161   -7.7143798   -2.8432164   -7.0282817
   1.5546875   -68.954536    3.2333839  -0.38682997   -7.7141643   -2.8444006   -7.0320325
   1.5585938   -68.942177    3.2366009   -0.3827903   -7.7139554   -2.8482878   -7.0370908
      1.5625   -68.929466    3.2430532   -0.3838478   -7.7139168   -2.8505154   -7.0368805
   1.5664062   -68.916443    3.2522609   -0.3902365   -7.7139421   -2.8470473   -7.0338969
   1.5703125   -68.903572    3.2610755  -0.39812502   -7.7139435   -2.8400805   -7.0320649
   1.5742188   -68.890938     3.266814  -0.40203533   -7.7139788   -2.8359094   -7.0297832
    1.578125    -68.87854    3.2695537  -0.39862761    -7.713975   -2.8377879   -7.0270824
   1.5820312   -68.866966    3.2713282  -0.39078271   -7.7138233   -2.8433223   -7.0287595
   1.5859375   -68.856468    3.2744358  -0.38611934   -7.7136674   -2.8483071   -7.0345206
   1.5898438   -68.846169    3.2804561  -0.38852808   -7.7138038   -2.8508368    -7.036634
     1.59375   -68.835075    3.2892778  -0.39448109   -7.7141771   -2.8507371   -7.0327115
   1.5976562    -68.82357     3.298389  -0.39912596   -7.7143421   -2.8482475   -7.0299573
   1.6015625   -68.812767    3.3037357  -0.40063393     -7.71417   -2.8453894   -7.0317597
   1.6054688   -68.802795    3.3037057  -0.39739802   -7.7140341    -2.845434   -7.0324774
    1.609375   -68.792763    3.3017502  -0.38892451   -7.7141476   -2.8485606   -7.0301065
   1.6132812   -68.782326    3.3036075  -0.38122454   -7.7143574   -2.8506217   -7.0306187
   1.6171875   -68.772209    3.3112004  -0.38251761   -7.7144861   -2.8483732   -7.0346198
   1.6210938   -68.763039    3.3212118  -0.39127219   -7.7145357   -2.8440509   -7.0338812
       1.625   -68.754944     3.329217  -0.39649361   -7.7145748   -2.8422556   -7.0273647
   1.6289062   -68.747795    3.3336284  -0.39227325   -7.7145777   -2.8434837   -7.0253215
   1.6328125   -68.741127     3.335005  -0.38405511   -7.7145367   -2.8446653   -7.0306959
   1.6367188   -68.734505    3.3347921  -0.37807685   -7.7145195   -2.8447194   -7.0333714
    1.640625   -68.728195    3.3356583  -0.37395242   -7.7145176   -2.8457603   -7.0292683
   1.6445312   -68.722687    3.3407941  -0.37145498   -7.7144966   -2.8480947   -7.0273981
   1.6484375   -68.717773     3.350322  -0.37437183   -7.7145042   -2.8483329   -7.0312872
   1.6523438   -68.712952    3.3601029  -0.38113642   -7.7145982   -2.8450677   -7.0313859
     1.65625   -68.708305    3.3655534  -0.38131791   -7.7146969   -2.8421075   -7.0247431
   1.6601562   -68.704453    3.3659782  -0.37016487   -7.7146969   -2.8430023   -7.0233011
   1.6640625   -68.701889    3.3646247  -0.35788667   -7.7145896    -2.845643   -7.0314527
   1.6679688   -68.700485    3.3652587  -0.35551044   -7.7144394   -2.8460085   -7.0347414
    1.671875   -68.699303    3.3696566  -0.35974592   -7.7143588     -2.84442   -7.0247693
   1.6757812   -68.697731    3.3773465  -0.36161646   -7.7144332   -2.8442729   -7.0166202
   1.6796875   -68.696289    3.3860936  -0.36098489   -7.7145066    -2.845844   -7.0235519
   1.6835938    -68.69577    3.3922784   -0.3605862   -7.7144361   -2.8464432   -7.0325251
      1.6875   -68.696098    3.3933222  -0.35581189   -7.7143812   -2.8460646   -7.0273805
   1.6914062   -68.696815    3.3907046  -0.34410617   -7.7145147   -2.8472562   -7.0182362
   1.6953125   -68.697777    3.3896172   -0.3354803   -7.7146502   -2.8494213   -7.0219779
   1.6992188   -68.699287    3.3944628  -0.33998469   -7.7145023   -2.8484192   -7.0305238
    1.703125   -68.701591    3.4046214  -0.35069719   -7.7142267    -2.843612   -7.0264244
   1.7070312   -68.704498    3.4146063  -0.35207683   -7.7142138   -2.8404841   -7.0161614
   1.7109375   -68.707657    3.4192524  -0.34173164   -7.7145085   -2.8434143   -7.0183334
   1.7148438   -68.711006     3.418582  -0.33128086   -7.7147741   -2.8492322   -7.0289183
     1.71875   -68.714485    3.4168363  -0.32775915   -7.7147841    -2.851398   -7.0287938
   1.7226562   -68.717949    3.4179924  -0.32774338   -7.7146935   -2.8484056   -7.0185418
   1.7265625   -68.721825    3.4233117  -0.32928658   -7.7147689   -2.8443618   -7.0161676
   1.7304688   -68.726784    3.4314566  -0.33425501   -7.7148895    -2.842382   -7.0237808
    1.734375   -68.732857    3.4392262  -0.33837655   -7.7146978   -2.8419704   -7.0258636
   1.7382812   -68.739349    3.4436438   -0.3337124   -7.7143641   -2.8430581   -7.0197411
   1.7421875   -68.745529        3.444  -0.32208934   -7.7143803   -2.8467376    -7.018919
   1.7460938   -68.751251    3.4424989  -0.31487906   -7.7146993   -2.8510721   -7.0251832
        1.75    -68.75721    3.4426794  -0.31796107   -7.7147236   -2.8514719   -7.0249977
   1.7539062   -68.764244    3.4469135  -0.32517612   -7.7143354   -2.8469908   -7.0164099
   1.7578125   -68.772209    3.4545889  -0.32849073   -7.7141161   -2.8423984   -7.0141549
   1.7617188   -68.780479    3.4624395  -0.32685333   -7.7144265   -2.8421905   -7.0228295
    1.765625   -68.788933    3.4665101  -0.32232776   -7.7147489    -2.845706   -7.0283303
   1.7695312   -68.797775    3.4652777  -0.31554341   -7.7145162   -2.8491521   -7.0232253
   1.7734375   -68.806755    3.4616184  -0.30945614    -7.714056   -2.8501885   -7.0183673
   1.7773438   -68.815498    3.4606709   -0.3102583   -7.7140465   -2.8490973   -7.0209389
     1.78125   -68.824318    3.4649177   -0.3185235   -7.7144861   -2.8470941   -7.0223475
   1.7851562   -68.833809    3.4717603  -0.32586485   -7.7147379   -2.8455467   -7.0177917
   1.7890625   -68.844063    3.4768655  -0.32496166   -7.7146044   -2.8458698   -7.0170479
   1.7929688   -68.854721    3.4782033  -0.31745881   -7.7145209   -2.8480294   -7.0238924
    1.796875   -68.865692     3.476536  -0.31007877   -7.7147226   -2.8497255   -7.0257688
   1.8007812   -68.877083    3.4737189  -0.30792177   -7.7148995   -2.8488107   -7.0173435
   1.8046875   -68.888733    3.4725704  -0.31199184   -7.7149076   -2.8459008     -7.01265
   1.8085938   -68.900406    3.4756951  -0.31942353   -7.7149582   -2.8439445   -7.0197167
      1.8125   -68.912247    3.4827521  -0.32497033   -7.7150054   -2.8450556   -7.0251193
   1.8164062   -68.924484      3.48896  -0.32401109   -7.7148428   -2.8476622   -7.0185633
   1.8203125   -68.936775    3.4890254  -0.31664515    -7.714705   -2.8483365   -7.0116467
   1.8242188   -68.948914    3.4830399  -0.30890206   -7.7147913   -2.8464475   -7.0161591
    1.828125   -68.961281    3.4772649  -0.30727932   -7.7147732   -2.8452628   -7.0230432
   1.8320312   -68.974129    3.4775295  -0.31253359   -7.7145052   -2.8472638   -7.0199938
   1.8359375   -68.987312    3.4832656  -0.32037777   -7.7144351    -2.850529   -7.0132432
   1.8398438   -69.000824    3.4889765  -0.32517841   -7.7147307    -2.851965   -7.0142021
     1.84375   -69.014656    3.4899931  -0.32231534   -7.7149377   -2.8512692   -7.0185318
   1.8476562   -69.028282    3.4859805  -0.31232482   -7.7147999   -2.8498352    -7.016263
   1.8515625    -69.04142    3.4799006  -0.30360016   -7.7146821   -2.8480144   -7.0116172
   1.8554688   -69.054764    3.4754362   -0.3044253   -7.7147493   -2.8459337   -7.0143452
    1.859375   -69.068901    3.4750135  -0.31252307   -7.7146416    -2.845356   -7.0200448
   1.8632812   -69.083473    3.4787636  -0.31891155   -7.7142677    -2.847867   -7.0179801
   1.8671875   -69.097855    3.4832618  -0.31932294   -7.7140555   -2.8513453    -7.011447
   1.8710938   -69.112022     3.483418   -0.3152532   -7.7141633   -2.8512683   -7.0115023
       1.875   -69.126053    3.4775536  -0.30807027   -7.7143197   -2.8469744   -7.0161457
   1.8789062   -69.139908    3.4696898   -0.3002677   -7.7143688   -2.8438699   -7.0149393
   1.8828125   -69.154099    3.4652281  -0.29895318   -7.7144241   -2.8466363   -7.0094676
   1.8867188   -69.169167    3.4660809  -0.30787638    -7.714571   -2.8522043   -7.0100102
    1.890625   -69.184563    3.4701643  -0.31828085   -7.7146282   -2.8541391   -7.0155296
   1.8945312   -69.199265    3.4734044  -0.31829828    -7.714519   -2.8515029   -7.0159774
   1.8984375   -69.213409    3.4718637  -0.30890405   -7.7143517   -2.8483686   -7.0115924
   1.9023438   -69.227936    3.4641659  -0.30070499   -7.7142248   -2.8469064   -7.0114012
     1.90625   -69.242981    3.4538629  -0.29848215   -7.7141719    -2.846344   -7.0150828
   1.9101562   -69.257874    3.4475994  -0.29948947   -7.7142653   -2.8473787   -7.0142527
   1.9140625   -69.272232     3.449244  -0.30320001   -7.7144618    -2.851228   -7.0098891
   1.9179688    -69.28627    3.4557753  -0.31044057   -7.7145023   -2.8547051   -7.0106044
    1.921875   -69.300529    3.4600773  -0.31478158   -7.7142825   -2.8528991   -7.0153079
   1.9257812   -69.315414    3.4568236   -0.3078405   -7.7141538   -2.8473427   -7.0151024
   1.9296875   -69.330971    3.4465158  -0.29397619    -7.714344   -2.8453848    -7.010469
   1.9335938   -69.346764    3.4347401  -0.28767172   -7.7144098   -2.8496077   -7.0098429
      1.9375    -69.36187    3.4281332  -0.29424551   -7.7140527   -2.8539605   -7.0129709
   1.9414062   -69.375916    3.4296939  -0.30364013   -7.7138596   -2.8533089   -7.0122638
   1.9453125    -69.39003     3.436337  -0.30563164   -7.7142749   -2.8506999   -7.0091653
   1.9492188   -69.405113    3.4407573  -0.30118275   -7.7146215   -2.8509469   -7.0119748
    1.953125   -69.420242    3.4372141  -0.29507461   -7.7142491    -2.852947   -7.0178361
   1.9570312   -69.434662    3.4261017  -0.28754601   -7.7136297    -2.852973   -7.0154409
   1.9609375   -69.449158    3.4134271  -0.28028041   -7.7134724   -2.8511806   -7.0066566
   1.9648438   -69.464127    3.4063771  -0.28073466   -7.7136006   -2.8503561   -7.0057669
     1.96875   -69.478737    3.4077067  -0.29058698   -7.7136045   -2.8507557   -7.0141339
   1.9726562   -69.492714    3.4134979  -0.29831231   -7.7137136   -2.8507638   -7.0165958
   1.9765625   -69.506828    3.4165056  -0.29359519    -7.714149   -2.8505726   -7.0090575
   1.9804688   -69.521347    3.4120288  -0.28133687   -7.7144494   -2.8520494   -7.0064468
    1.984375   -69.535645     3.400789  -0.27293265    -7.714304   -2.8550832   -7.0143118
   1.9882812   -69.549461     3.388274   -0.2718488   -7.7140698   -2.8567228   -7.0173388
   1.9921875   -69.563217    3.3811836  -0.27470556   -7.7140174   -2.8550799   -7.0081372
   1.9960938   -69.577148    3.3824928  -0.27876037   -7.7139649   -2.8520644   -7.0027332