           0    -70.24202   0.80401677    2.0077755   -7.6094975   -7.2921295   -8.6234674
  0.00390625   -70.255028    0.7993874    2.0058627   -7.6095786    -7.298502   -8.6208363
   0.0078125   -70.267281   0.80377614    2.0048356   -7.6098704   -7.2989001   -8.6239176
  0.01171875   -70.279785   0.81000251    2.0037193   -7.6101093   -7.2927523   -8.6248236
    0.015625   -70.293129   0.80849606    2.0027778   -7.6100235   -7.2846689   -8.6244011
  0.01953125   -70.306648   0.79506493    2.0069952   -7.6098146   -7.2808375   -8.6294003
   0.0234375   -70.319778   0.77596831    2.0160565   -7.6097512   -7.2839928   -8.6349659
  0.02734375   -70.332962   0.76271957    2.0214062   -7.6097927    -7.291244   -8.6298466
     0.03125   -70.346573   0.76135814    2.0187118   -7.6098599    -7.296536   -8.6187086
  0.03515625    -70.35994    0.7673564    2.0139396   -7.6099534   -7.2962236   -8.6183672
   0.0390625   -70.372322   0.77070367    2.0136266   -7.6099296   -7.2925372   -8.6301088
  0.04296875   -70.384232   0.76425797    2.0170541   -7.6097555   -7.2897186   -8.6365089
    0.046875   -70.396721   0.74843776    2.0207951   -7.6097531   -7.2887459   -8.6301308
  0.05078125   -70.409782   0.73028809    2.0244575   -7.6101413   -7.2883759   -8.6239681
   0.0546875   -70.422462   0.71850657    2.0278268   -7.6104574   -7.2887225   -8.6264219
  0.05859375   -70.434746   0.71785223    2.0272834   -7.6102033   -7.2902699   -8.6283274
      0.0625   -70.447639   0.72540146    2.0213439   -7.6097465   -7.2914777   -8.6242085
  0.06640625   -70.461014   0.73142582    2.0159843   -7.6096888   -7.2909875   -8.6242208
   0.0703125   -70.473518   0.72638953    2.0171907   -7.6098499   -7.2906418   -8.6329775
  0.07421875   -70.484901    0.7099719    2.0226409   -7.6098356   -7.2930398   -8.6371155
    0.078125   -70.496346   0.69179851    2.0266745   -7.6097412   -7.2962542   -8.6284361
  0.08203125   -70.508316   0.68297118    2.0275648   -7.6097221   -7.2951145   -8.6203775
   0.0859375   -70.519905   0.68639833    2.0255475    -7.609705   -7.2889457   -8.6252527
  0.08984375   -70.530479     0.695261    2.0208728   -7.6096807   -7.2840633   -8.6331177
     0.09375   -70.540642   0.69967037    2.0168235   -7.6097293   -7.2858863   -8.6305075
  0.09765625   -70.550957   0.69417518    2.0175912   -7.6097465   -7.2921162   -8.6237822
   0.1015625   -70.561287   0.68041694    2.0220125   -7.6096492   -7.2965741   -8.6249847
  0.10546875   -70.571548    0.6655013    2.0248501   -7.6095924   -7.2966356   -8.6294832
    0.109375   -70.581535   0.65780938    2.0237093   -7.6097527   -7.2939258    -8.627532
  0.11328125   -70.590836    0.6609391    2.0200083   -7.6099691   -7.2905111   -8.6245861
   0.1171875   -70.599251   0.67005008    2.0149179   -7.6099753   -7.2879872   -8.6298561
  0.12109375   -70.607094   0.67468363    2.0100737   -7.6098218   -7.2884526   -8.6360178
       0.125    -70.61467   0.66791439    2.0093398   -7.6097021   -7.2925048   -8.6306629
  0.12890625   -70.621994    0.6526897    2.0134077   -7.6096115   -7.2965298   -8.6197348
   0.1328125    -70.62886   0.63912797    2.0162535   -7.6095052   -7.2953467   -8.6187735
  0.13671875   -70.634964   0.63532329    2.0125244   -7.6094379   -7.2888474   -8.6267796
    0.140625   -70.640091   0.64151514    2.0051463     -7.60952   -7.2835612   -8.6301031
  0.14453125   -70.644363   0.65077126    2.0004141   -7.6097383   -7.2853241   -8.6274376
   0.1484375   -70.648201   0.65486693    1.9991606   -7.6098633   -7.2922549   -8.6286783
  0.15234375   -70.651894   0.64991307    1.9987065   -7.6096821   -7.2976747   -8.6322737
     0.15625   -70.655235   0.63879764    1.9990907   -7.6093721   -7.2982736   -8.6275549
  0.16015625   -70.657822   0.62900072    2.0009208   -7.6094275   -7.2957664   -8.6186724
   0.1640625   -70.659744   0.62707502    2.0000877    -7.609941   -7.2925644   -8.6212168
  0.16796875   -70.661407   0.63321549    1.9924685   -7.6103015   -7.2897921   -8.6336117
    0.171875   -70.662796   0.64086115    1.9831117   -7.6101069   -7.2886262   -8.6370373
  0.17578125   -70.663651   0.64241171    1.9812531   -7.6097755    -7.289896   -8.6267662
   0.1796875    -70.66394   0.63557982    1.9862872   -7.6097779   -7.2920728   -8.6192951
  0.18359375   -70.663605   0.62480509    1.9890059   -7.6099548   -7.2922168   -8.6234226
      0.1875   -70.662537   0.61743248    1.9858172   -7.6099663   -7.2894559    -8.628108
  0.19140625   -70.660805   0.61838484    1.9814645   -7.6098628    -7.286644     -8.62603
   0.1953125   -70.658623   0.62594473    1.9783024    -7.609879   -7.2875843   -8.6257668
  0.19921875   -70.656075   0.63280648    1.9734622   -7.6099353   -7.2927752   -8.6318321
    0.203125   -70.652969   0.63240892    1.9681653   -7.6098056   -7.2983613   -8.6337461
  0.20703125   -70.649399   0.62497228     1.969241   -7.6095948   -7.2998261   -8.6254349
   0.2109375   -70.645447   0.61657691    1.9764912   -7.6095624   -7.2966757   -8.6181135
  0.21484375   -70.640846   0.61358112    1.9789737    -7.609683   -7.2925434   -8.6225538
     0.21875   -70.635651   0.61788875    1.9710459    -7.609726   -7.2906413   -8.6319609
  0.22265625    -70.63047    0.6262095    1.9613696   -7.6096559   -7.2909603   -8.6336021
   0.2265625   -70.625435   0.63249505    1.9587806   -7.6096458   -7.2920628   -8.6272249
  0.23046875   -70.619759   0.63205785    1.9602971   -7.6096621   -7.2927785   -8.6219969
    0.234375   -70.612877   0.62507784    1.9607242   -7.6095662   -7.2920008   -8.6220884
  0.23828125   -70.605446    0.6170091    1.9620864   -7.6094685   -7.2899947   -8.6245813
   0.2421875   -70.598312   0.61508065     1.964777   -7.6095366   -7.2899008   -8.6276073
  0.24609375   -70.591125   0.62190473    1.9621674   -7.6096015   -7.2940211   -8.6314554
        0.25    -70.58287   0.63253462    1.9527186   -7.6094756   -7.2985749   -8.6332502
  0.25390625   -70.573746   0.63905519     1.945583   -7.6093168   -7.2970715   -8.6286011
   0.2578125   -70.565033   0.63795924    1.9474683   -7.6093578   -7.2895904   -8.6199684
  0.26171875   -70.556801   0.63183618    1.9530584   -7.6094193    -7.283783   -8.6169195
    0.265625   -70.547516   0.62653935     1.954195   -7.6092725   -7.2857561   -8.6239643
  0.26953125   -70.536446   0.62700826    1.9511207   -7.6091528   -7.2935677      -8.6334
   0.2734375   -70.525032   0.63421589    1.9478174   -7.6093292   -7.3003602    -8.634901
  0.27734375   -70.514648   0.64412272    1.9437377   -7.6095433   -7.3009815   -8.6281042
     0.28125   -70.504509   0.65007573    1.9385504   -7.6094232   -7.2952104   -8.6211214
  0.28515625   -70.493134   0.64769602    1.9377191   -7.6092124   -7.2872152   -8.6195955
   0.2890625   -70.480736   0.63964242    1.9439689   -7.6092935   -7.2833362   -8.6224461
  0.29296875   -70.468483   0.63428479    1.9496791   -7.6095376   -7.2879963   -8.6266994
    0.296875   -70.456505   0.63813496    1.9467237   -7.6096797   -7.2983966   -8.6305485
  0.30078125   -70.444176   0.64964259    1.9384984   -7.6096196   -7.3048453   -8.6316795
   0.3046875   -70.431442   0.66079354     1.933784   -7.6094136   -7.3003831   -8.6277943
  0.30859375   -70.418411   0.66481316    1.9341997     -7.60919   -7.2894688   -8.6212521
      0.3125   -70.404762   0.66167688    1.9361968   -7.6090631   -7.2829661    -8.619381
  0.31640625   -70.390221   0.65663928    1.9388679   -7.6090899   -7.2859025   -8.6253595
   0.3203125   -70.375351   0.65536088    1.9416469    -7.609231   -7.2942915   -8.6322803
  0.32421875   -70.360725    0.6606586    1.9410967   -7.6093183   -7.3020139   -8.6322231
    0.328125   -70.346313   0.67103463    1.9359765   -7.6091738   -7.3049707   -8.6269407
  0.33203125    -70.33165   0.68124801    1.9309466   -7.6088977   -7.3003697   -8.6228561
   0.3359375   -70.316628   0.68550771    1.9311862   -7.6088386   -7.2892199   -8.6210327
  0.33984375   -70.301331   0.68223906    1.9357647   -7.6090755   -7.2793555   -8.6205254
     0.34375   -70.285835   0.67627984     1.939893   -7.6092887   -7.2800007   -8.6245165
  0.34765625   -70.270317   0.67505699    1.9409384    -7.609251    -7.291451   -8.6328726
   0.3515625   -70.255089   0.68187851    1.9390721   -7.6090412   -7.3032689   -8.6360331
  0.35546875   -70.239944   0.69336241     1.935474   -7.6089001   -7.3044333   -8.6279297
    0.359375    -70.22419   0.70301104    1.9324129   -7.6089549   -7.2940249   -8.6180668
  0.36328125   -70.207764   0.70648998     1.932513   -7.6090841    -7.281909   -8.6186571
   0.3671875   -70.191292   0.70429385     1.935859   -7.6090851   -7.2791677   -8.6266794
  0.37109375   -70.175156   0.70060968    1.9392637   -7.6090126   -7.2879324    -8.631134
       0.375   -70.159027   0.70053595    1.9400033   -7.6090374   -7.3005619   -8.6302671
  0.37890625   -70.142754   0.70686805    1.9381652   -7.6090398   -7.3072639   -8.6287718
   0.3828125   -70.126694    0.7180959    1.9345258   -7.6089048   -7.3030095   -8.6258402
  0.38671875    -70.11068   0.72884315    1.9300643   -7.6087861   -7.2899466   -8.6195593
    0.390625   -70.093964   0.73391378    1.9279581   -7.6087241   -7.2771873   -8.6165619
  0.39453125   -70.076477   0.73280662    1.9304723    -7.608562   -7.2753301   -8.6234322
   0.3984375   -70.059097   0.73063236    1.9336882   -7.6083298   -7.2867012   -8.6331396
  0.40234375   -70.042358   0.73318106    1.9313281   -7.6081767   -7.3013291   -8.6335983
     0.40625   -70.025764   0.74153376    1.9239069    -7.608109   -7.3060598   -8.6256313
  0.41015625   -70.008759   0.75184137     1.918264   -7.6080456   -7.2981563   -8.6198263
   0.4140625   -69.991547   0.75948828    1.9177454   -7.6079478   -7.2869225    -8.620182
  0.41796875   -69.974403   0.76207334    1.9191757   -7.6078768   -7.2822371   -8.6224976
    0.421875    -69.95723    0.7601198    1.9199861   -7.6079798   -7.2856193   -8.6245165
  0.42578125   -69.940056   0.75711131    1.9212962   -7.6082802   -7.2929416   -8.6268387
   0.4296875   -69.922989   0.75801474    1.9224967   -7.6085968   -7.2996421   -8.6273489
  0.43359375   -69.906044   0.76526421    1.9194058   -7.6087432   -7.3013053   -8.6242552
      0.4375   -69.889313   0.77581519    1.9119265   -7.6086822   -7.2953763   -8.6210098
  0.44140625   -69.872864   0.78345996    1.9078505    -7.608407   -7.2861876   -8.6209526
   0.4453125   -69.856285   0.78435773    1.9121058   -7.6081066   -7.2830219   -8.6225357
  0.44921875   -69.839073   0.78077596    1.9180663   -7.6081142   -7.2890773   -8.6243677
    0.453125   -69.821602   0.77865374     1.917546    -7.608448   -7.2970228   -8.6272249
  0.45703125   -69.804649   0.78208488    1.9125369    -7.608727   -7.2987204   -8.6285076
   0.4609375   -69.788284   0.79017282    1.9087131   -7.6086965    -7.294538   -8.6243362
  0.46484375    -69.77182   0.79882377    1.9054986   -7.6085339   -7.2897525   -8.6190262
     0.46875   -69.754837   0.80381006    1.9012244   -7.6084428   -7.2871709   -8.6209097
  0.47265625   -69.737724   0.80378503    1.8995959   -7.6083727   -7.2874336   -8.6276274
   0.4765625   -69.720963   0.80153883    1.9027126   -7.6081691   -7.2916236    -8.628828
  0.48046875   -69.704369   0.80180043    1.9045463   -7.6079173   -7.2984309   -8.6239929
    0.484375   -69.687668   0.80693787    1.8988699   -7.6079292   -7.3016438   -8.6230516
  0.48828125   -69.671112    0.8153016     1.889043   -7.6082206   -7.2964444   -8.6277714
   0.4921875   -69.654915   0.82281578    1.8829857   -7.6083279   -7.2871375    -8.628479
  0.49609375    -69.63868   0.82611275    1.8819439   -7.6079779   -7.2830906   -8.6231346
         0.5   -69.622101    0.8253454    1.8814086   -7.6074696   -7.2875385   -8.6219454
  0.50390625   -69.605576   0.82407367    1.8801581   -7.6073027   -7.2948604   -8.6272688
   0.5078125   -69.589577   0.82594413    1.8800908   -7.6075263   -7.2985077   -8.6281033
  0.51171875   -69.574112   0.83163524    1.8787637      -7.6078   -7.2975717   -8.6215868
    0.515625   -69.558784   0.83916986    1.8722751   -7.6079154   -7.2947278    -8.620347
  0.51953125   -69.542931    0.8454662    1.8645132   -7.6079469   -7.2915292   -8.6292362
   0.5234375   -69.526291   0.84782606    1.8629959   -7.6079621   -7.2891603   -8.6342068
  0.52734375   -69.509758   0.84584749    1.8673108   -7.6078701   -7.2898936   -8.6262636
     0.53125   -69.494324   0.84290528    1.8707359   -7.6077099   -7.2935529   -8.6178598
  0.53515625    -69.47966    0.8441394    1.8701257   -7.6076012    -7.295444   -8.6212111
   0.5390625    -69.46447    0.8514806    1.8664794   -7.6075644   -7.2923894   -8.6275578
  0.54296875   -69.448174   0.86097139    1.8607374   -7.6075273   -7.2882891   -8.6245956
    0.546875    -69.43145   0.86618638    1.8557992   -7.6075373   -7.2887855   -8.6193695
  0.55078125   -69.415375    0.8644253    1.8565146   -7.6076369   -7.2930079   -8.6237364
   0.5546875   -69.400223   0.85879254    1.8625556   -7.6076713   -7.2957582   -8.6305275
  0.55859375   -69.385323   0.85515732    1.8672562    -7.607522   -7.2952557    -8.626565
      0.5625   -69.370041   0.85738826    1.8661344   -7.6073537   -7.2941451   -8.6177816
  0.56640625   -69.354301   0.86514693    1.8614663   -7.6073351   -7.2942166   -8.6189661
   0.5703125   -69.338493   0.87403071    1.8573785   -7.6073289   -7.2945986   -8.6275454
  0.57421875   -69.323036   0.87842101    1.8556528   -7.6071868   -7.2949572    -8.629077
    0.578125   -69.308273   0.87565857     1.857054   -7.6071162   -7.2959104   -8.6227903
  0.58203125   -69.294388   0.86863726    1.8616773   -7.6073275   -7.2961144    -8.620697
   0.5859375    -69.28109   0.86343825    1.8663166   -7.6075425   -7.2934465   -8.6244221
  0.58984375    -69.26767   0.86488611    1.8659073   -7.6074271   -7.2892761   -8.6236324
     0.59375   -69.253883   0.87309998    1.8605425   -7.6072464   -7.2879405   -8.6174355
  0.59765625   -69.240326   0.88332748    1.8564107   -7.6072745   -7.2916174   -8.6176386
   0.6015625   -69.227493    0.8889975    1.8571488   -7.6072893   -7.2978387   -8.6271076
  0.60546875   -69.214966   0.88646668    1.8601606    -7.607111   -7.3026562    -8.633255
    0.609375   -69.202393   0.87845588    1.8630463   -7.6069636   -7.3039026   -8.6288176
  0.61328125   -69.190231   0.87275684    1.8663037   -7.6070285   -7.3011584   -8.6220598
   0.6171875   -69.178978   0.87580091    1.8683212   -7.6071048   -7.2955518    -8.620575
  0.62109375   -69.168259   0.88634712    1.8656881   -7.6069565   -7.2905741   -8.6211786
       0.625   -69.157585   0.89710045    1.8608813   -7.6066957   -7.2903824   -8.6208458
  0.62890625   -69.147324   0.90165591    1.8611665   -7.6066303   -7.2950702   -8.6231241
   0.6328125   -69.138145    0.8994379     1.867291   -7.6067672    -7.299459   -8.6281271
  0.63671875   -69.129692   0.89415044    1.8719826   -7.6068492   -7.2987156   -8.6287079
    0.640625   -69.121147   0.89041275    1.8722004   -7.6067419   -7.2938547   -8.6226692
  0.64453125   -69.112717   0.89151794    1.8728497   -7.6065736   -7.2898622   -8.6184473
   0.6484375   -69.105255   0.89830089    1.8757516   -7.6065502   -7.2898793   -8.6219702
  0.65234375    -69.09874   0.90709758    1.8765696   -7.6067071   -7.2931709    -8.626977
     0.65625   -69.092522   0.91121781    1.8754168   -7.6067781   -7.2976604   -8.6258049
  0.66015625   -69.086647   0.90709382    1.8785394   -7.6065798   -7.3015614   -8.6217184
   0.6640625   -69.081764   0.89896309    1.8864875   -7.6062913   -7.3021903   -8.6217546
  0.66796875   -69.078079   0.89470774    1.8916535   -7.6062455   -7.2977138    -8.624404
    0.671875   -69.075142   0.89815468    1.8905941   -7.6063676   -7.2916174   -8.6240425
  0.67578125   -69.072418   0.90648931    1.8889952   -7.6063666   -7.2911882   -8.6217394
   0.6796875   -69.069878   0.91388494    1.8914251   -7.6062646   -7.2986565   -8.6222219
  0.68359375   -69.067749   0.91608196    1.8951733   -7.6062269   -7.3070879   -8.6247559
      0.6875   -69.066048    0.9126845    1.8974619   -7.6062546   -7.3081055   -8.6252689
  0.69140625   -69.064835   0.90705895    1.9006628   -7.6062231   -7.3013182   -8.6239004
   0.6953125   -69.064308   0.90422034    1.9058393   -7.6060829   -7.2934012   -8.6233158
  0.69921875   -69.064362   0.90756178    1.9086459   -7.6059718   -7.2902937    -8.622777
    0.703125   -69.064453   0.91556513    1.9068046   -7.6059923   -7.2930231   -8.6205063
  0.70703125    -69.06427   0.92220557    1.9049422   -7.6059918    -7.299119   -8.6192789
   0.7109375   -69.064102   0.92230707    1.9077206   -7.6057076   -7.3047733   -8.6225014
  0.71484375   -69.065002   0.91683257    1.9134432   -7.6053634   -7.3056741    -8.626688
     0.71875   -69.067795   0.91185749      1.91741    -7.605444   -7.2996511   -8.6255445
  0.72265625    -69.07177   0.91240197    1.9179267   -7.6058893   -7.2907538   -8.6203985
   0.7265625   -69.075592    0.9179287    1.9171729   -7.6060834   -7.2875147   -8.6187563
  0.73046875   -69.079155   0.92389941    1.9176797   -7.6059089   -7.2942362    -8.622756
    0.734375   -69.083199   0.92661166    1.9193953   -7.6058021   -7.3058352   -8.6264257
  0.73828125    -69.08744   0.92566037    1.9214952   -7.6058941   -7.3130894   -8.6252947
   0.7421875   -69.091049    0.9229241    1.9249116   -7.6058369   -7.3111658   -8.6223717
  0.74609375   -69.094841   0.92088276    1.9295352    -7.605638   -7.3024364   -8.6219511
        0.75   -69.100449   0.92189026    1.9321808   -7.6056719   -7.2938929    -8.622716
  0.75390625   -69.107544   0.92612773    1.9311488   -7.6058989   -7.2917571   -8.6215429
   0.7578125   -69.114388   0.93053204    1.9294403   -7.6057997   -7.2966919   -8.6203957
  0.76171875   -69.120804   0.93130803    1.9303508   -7.6053619   -7.3038344   -8.6231375
    0.765625   -69.128021   0.92843223    1.9334514   -7.6051641   -7.3075366   -8.6276379
  0.76953125   -69.136292   0.92568088    1.9365777   -7.6054482   -7.3059773   -8.6279488
   0.7734375   -69.144691   0.92645675    1.9380431   -7.6057367   -7.3015528   -8.6237173
  0.77734375   -69.153023   0.93021023    1.9370047   -7.6056476   -7.2979693   -8.6207542
     0.78125    -69.16188   0.93379062    1.9345969   -7.6054587   -7.2976727   -8.6218424
  0.78515625   -69.171265   0.93509811    1.9333953   -7.6055646   -7.3011909    -8.623354
   0.7890625   -69.180862   0.93437505    1.9344369   -7.6057625   -7.3065372   -8.6225929
  0.79296875   -69.190918   0.93272203    1.9364909   -7.6056695   -7.3092747   -8.6226883
    0.796875   -69.201591   0.93169481    1.9384757   -7.6054511   -7.3059964    -8.626009
  0.80078125   -69.212524   0.93327147    1.9399881   -7.6054239   -7.2990437   -8.6277199
   0.8046875   -69.223541   0.93789274    1.9393854   -7.6054826   -7.2952514   -8.6231804
  0.80859375   -69.234856   0.94261169    1.9357469    -7.605464   -7.2984419   -8.6178436
      0.8125   -69.246544   0.94343674    1.9329649   -7.6054139   -7.3051996   -8.6199226
  0.81640625   -69.258438    0.9399156    1.9359885   -7.6053667   -7.3089986   -8.6261988
   0.8203125   -69.270432   0.93535185     1.942583     -7.60535     -7.30685   -8.6263762
  0.82421875   -69.282532    0.9329558     1.945781    -7.605442   -7.3014274   -8.6200809
    0.828125   -69.295021   0.93387049    1.9441823   -7.6055846   -7.2979946   -8.6172552
  0.83203125   -69.308083   0.93783653    1.9424169   -7.6055937   -7.2997847   -8.6212778
   0.8359375   -69.321411   0.94295228    1.9421269   -7.6054816   -7.3053432   -8.6241093
  0.83984375   -69.334755   0.94562382    1.9408154   -7.6054697   -7.3099689    -8.620822
     0.84375   -69.348755   0.94321126    1.9398164   -7.6056485   -7.3102837   -8.6177711
  0.84765625   -69.364037   0.93754071    1.9435438   -7.6057925   -7.3072634   -8.6209202
   0.8515625   -69.379784   0.93427944    1.9495955   -7.6057143   -7.3044009   -8.6249428
  0.85546875   -69.394463   0.93714023    1.9502608   -7.6055636   -7.3035431   -8.6222954
    0.859375   -69.407845   0.94374239    1.9446465   -7.6054425    -7.304121   -8.6164417
  0.86328125   -69.421158   0.94891316    1.9398729   -7.6053224   -7.3056631   -8.6162071
   0.8671875   -69.435677   0.95000076    1.9402965   -7.6053476   -7.3084226   -8.6216221
  0.87109375   -69.451683   0.94737792    1.9431961   -7.6055875    -7.310863   -8.6250324
       0.875   -69.468277   0.94271928    1.9454144   -7.6057076   -7.3097863    -8.623332
  0.87890625   -69.484131   0.93875808    1.9475051   -7.6054368   -7.3044114   -8.6202946
   0.8828125   -69.498772   0.93872964    1.9495025   -7.6050553   -7.2988801   -8.6188412
  0.88671875   -69.512901   0.94344109    1.9481974   -7.6049156    -7.298305   -8.6186743
    0.890625   -69.527473   0.94913906    1.9429426   -7.6049752   -7.3027906   -8.6199093
  0.89453125   -69.542915   0.95027757    1.9401392   -7.6050606   -7.3076682   -8.6227951
   0.8984375   -69.558929   0.94546741    1.9451429   -7.6051869   -7.3091049   -8.6251354
  0.90234375   -69.574875   0.93887258    1.9530357   -7.6053157   -7.3075657   -8.6246119
     0.90625   -69.590553   0.93525499     1.955775   -7.6052785   -7.3058066   -8.6224537
  0.91015625   -69.606613   0.93568742    1.9542811   -7.6051292   -7.3053708   -8.6210556
   0.9140625   -69.623566   0.93867582    1.9544035   -7.6051292    -7.306088   -8.6201849
  0.91796875   -69.640656   0.94206512    1.9561778   -7.6052542   -7.3077469    -8.619668
    0.921875     -69.6567   0.94319546    1.9564233   -7.6053195   -7.3098493   -8.6218204
  0.92578125   -69.671913   0.94015741    1.9570346    -7.605433   -7.3110523   -8.6262121
   0.9296875   -69.687416   0.93437171    1.9617823   -7.6056757   -7.3102775   -8.6273832
  0.93359375   -69.703796   0.93014055    1.9677017   -7.6056938   -7.3079286   -8.6233168
      0.9375    -69.72065   0.93045181     1.968013     -7.60533   -7.3056493   -8.6196299
  0.94140625   -69.737396   0.93430859    1.9633787   -7.6049857   -7.3051023   -8.6203003
   0.9453125   -69.753716    0.9377591     1.961372   -7.6049953   -7.3066669   -8.6218472
  0.94921875   -69.769615    0.9377408    1.9643772   -7.6051702   -7.3087444   -8.6212206
    0.953125   -69.785469    0.9346028    1.9674634   -7.6051908   -7.3089166   -8.6209049
  0.95703125   -69.801674   0.93076682    1.9685755   -7.6051612   -7.3065219   -8.6220036
   0.9609375   -69.818176   0.92782962    1.9707623   -7.6052999   -7.3038549   -8.6212044
  0.96484375   -69.834633   0.92681712    1.9738703   -7.6054468   -7.3039937   -8.6183357
     0.96875   -69.850929   0.92844921    1.9741925   -7.6052804   -7.3074999   -8.6183109
  0.97265625   -69.867279   0.93160188    1.9721651   -7.6049714   -7.3116422   -8.6221828
   0.9765625   -69.883644   0.93281305    1.9720129   -7.6049285   -7.3129764   -8.6242018
  0.98046875   -69.899841   0.92947948    1.9755957    -7.605123   -7.3104248   -8.6213694
    0.984375   -69.916039   0.92295271    1.9809977   -7.6051769    -7.305685    -8.618042
  0.98828125   -69.932617   0.91786826    1.9849675   -7.6049604   -7.3019419   -8.6174173
   0.9921875   -69.949409   0.91722852    1.9859251   -7.6048183   -7.3022656   -8.6170549
  0.99609375   -69.965775   0.91918164     1.985132   -7.6050196   -7.3071299   -8.6162691
           1   -69.981293   0.92012841    1.9847522   -7.6052489   -7.3131514   -8.6185894
   1.0039062   -69.996384   0.91873896    1.9856012   -7.6050858   -7.3157339   -8.6234074
   1.0078125   -70.011986   0.91577411    1.9876442   -7.6047192   -7.3132544   -8.6246738
   1.0117188   -70.028366   0.91225064     1.990957   -7.6046033   -7.3075647   -8.6213512
    1.015625   -70.044815   0.90946323    1.9947773   -7.6048088   -7.3017979   -8.6192226
   1.0195312   -70.060768   0.90869248      1.99717   -7.6050143    -7.299159   -8.6197653
   1.0234375   -70.076462   0.90972555    1.9968455   -7.6050148   -7.3018012   -8.6189899
   1.0273438   -70.092361   0.90991926    1.9951869   -7.6048269   -7.3084826   -8.6184101
     1.03125   -70.108688   0.90691781    1.9956776   -7.6046071   -7.3144774   -8.6230116
   1.0351562   -70.125389   0.90178323    1.9999601   -7.6044774   -7.3158073     -8.62784
   1.0390625   -70.141975   0.89813429    2.0052743   -7.6045427   -7.3126202    -8.623354
   1.0429688   -70.157982   0.89768928    2.0076547   -7.6047568   -7.3078103   -8.6144657
    1.046875   -70.174004   0.89831299    2.0070956   -7.6048775   -7.3041453    -8.615303
   1.0507812   -70.191055   0.89695805     2.006953    -7.604754   -7.3033996   -8.6246262
   1.0546875   -70.208771   0.89329398    2.0083981    -7.604466   -7.3059616   -8.6271486
   1.0585938   -70.225822   0.88895303    2.0098627   -7.6042647   -7.3101745   -8.6204195
      1.0625   -70.241783   0.88454163    2.0111196   -7.6042776   -7.3130188   -8.6182537
   1.0664062   -70.257347   0.88048226     2.013428   -7.6043563   -7.3126183    -8.624404
   1.0703125   -70.272789    0.8783139    2.0161247   -7.6043096   -7.3102975   -8.6256084
   1.0742188   -70.287704   0.87855983    2.0166044   -7.6041489    -7.309011   -8.6171093
    1.078125   -70.302345   0.87847507    2.0145807   -7.6040874   -7.3093572   -8.6128511
   1.0820312   -70.317558   0.87491959    2.0137358   -7.6043191    -7.309166   -8.6202269
   1.0859375   -70.333191   0.86794209    2.0166481   -7.6047201   -7.3073864   -8.6258554
   1.0898438   -70.348244   0.86086899     2.020113   -7.6047988   -7.3060026   -8.6197319
     1.09375   -70.362457    0.8567788    2.0195401   -7.6044412    -7.307106   -8.6136189
   1.0976562   -70.376587   0.85586357    2.0163889   -7.6042562   -7.3096285   -8.6190348
   1.1015625   -70.390915   0.85567778     2.015255   -7.6046081   -7.3107052   -8.6256685
   1.1054688   -70.404892   0.85367417    2.0156024   -7.6048827   -7.3093104   -8.6209517
    1.109375   -70.417961   0.84874809    2.0140355   -7.6045647   -7.3070865   -8.6139402
   1.1132812   -70.430191   0.84152228    2.0116608   -7.6042395   -7.3064222   -8.6178169
   1.1171875   -70.442154   0.83442193    2.0116179   -7.6044779   -7.3080764   -8.6244011
   1.1210938   -70.454178   0.83074635     2.012526    -7.604815   -7.3101444   -8.6200161
       1.125   -70.466057   0.83162951    2.0106888    -7.604722   -7.3099933   -8.6123457
   1.1289062   -70.477478   0.83395064    2.0059605   -7.6045208   -7.3076439   -8.6165428
   1.1328125   -70.488358   0.83327079    2.0017002   -7.6045918   -7.3063502   -8.6264362
   1.1367188    -70.49884   0.82815617    2.0002694   -7.6046476   -7.3085961    -8.625494
    1.140625   -70.509125   0.82071757    2.0001106   -7.6044736   -7.3123407   -8.6171341
   1.1445312   -70.519188   0.81386888    1.9983593   -7.6043706   -7.3138103   -8.6175671
   1.1484375   -70.528763   0.80956531    1.9956669   -7.6045551   -7.3123884   -8.6254969
   1.1523438    -70.53743    0.8086527    1.9943243   -7.6047096   -7.3101826   -8.6255159
     1.15625   -70.544807     0.810287    1.9926019   -7.6045656   -7.3086591   -8.6172562
   1.1601562   -70.551109   0.81085277    1.9877039   -7.6043916    -7.308218   -8.6152725
   1.1640625   -70.557022   0.80621964    1.9827719   -7.6045179   -7.3093886   -8.6216898
   1.1679688   -70.562813   0.79680157    1.9824693   -7.6048064   -7.3116417   -8.6240263
    1.171875   -70.568283   0.78816772    1.9839127   -7.6049223   -7.3126574   -8.6199551
   1.1757812   -70.573349   0.78503776    1.9809778   -7.6048212   -7.3113551   -8.6200104
   1.1796875    -70.57798   0.78637475    1.9746766   -7.6046214   -7.3094196   -8.6253881
   1.1835938   -70.581947   0.78779548    1.9708861   -7.6044254   -7.3079629   -8.6258755
      1.1875   -70.584923   0.78623497    1.9703832   -7.6043482   -7.3064756   -8.6204815
   1.1914062   -70.587044    0.7813279     1.969203    -7.604414   -7.3058538    -8.619153
   1.1953125   -70.588852   0.77403307    1.9666871   -7.6044288   -7.3084183   -8.6228609
   1.1992188   -70.590691   0.76632231    1.9657167   -7.6043119   -7.3135786   -8.6222229
    1.203125   -70.592453   0.76090515    1.9660188   -7.6042747   -7.3167386   -8.6172657
   1.2070312   -70.593727   0.75957108    1.9635673   -7.6044736   -7.3147998   -8.6182432
   1.2109375   -70.594345   0.76079828    1.9576559   -7.6046615    -7.310019   -8.6250792
   1.2148438    -70.59446   0.76050901    1.9534752   -7.6046205   -7.3067832   -8.6261101
     1.21875   -70.594345    0.7558161    1.9544346    -7.604476   -7.3068123   -8.6196404
   1.2226562   -70.594002   0.74816591    1.9564129   -7.6045551   -7.3091683   -8.6169386
   1.2265625    -70.59314   0.74141574     1.954147   -7.6048021   -7.3127151   -8.6209717
   1.2304688   -70.591805    0.7376157    1.9491503   -7.6048474   -7.3166637   -8.6221809
    1.234375   -70.590294   0.73602384    1.9459454   -7.6046014   -7.3192625   -8.6183567
   1.2382812   -70.588562   0.73537213    1.9446316   -7.6044388   -7.3181353   -8.6181698
   1.2421875   -70.586304   0.73433137    1.9431585   -7.6045065   -7.3132343   -8.6220427
   1.2460938   -70.583366   0.73077589    1.9423156   -7.6045389   -7.3078671   -8.6204596
        1.25   -70.579811   0.72394049    1.9432399    -7.604558   -7.3058281   -8.6142368
   1.2539062   -70.575928   0.71655351    1.9438905   -7.6048326    -7.308001   -8.6155767
   1.2578125   -70.571869   0.71229559    1.9414196   -7.6051188   -7.3125701   -8.6247854
   1.2617188   -70.567619   0.71172595    1.9362241   -7.6050544   -7.3169737   -8.6271992
    1.265625    -70.56324   0.71213019    1.9322813   -7.6049027     -7.31879   -8.6190481
   1.2695312    -70.55854   0.71078485     1.932814   -7.6050482   -7.3171315   -8.6145868
   1.2734375   -70.553047   0.70743114    1.9357792   -7.6052008   -7.3141656   -8.6203299
   1.2773438   -70.546722    0.7032398    1.9366169   -7.6049771   -7.3130455   -8.6240692
     1.28125   -70.540085    0.6988923    1.9349245   -7.6047244   -7.3141689   -8.6184702
   1.2851562   -70.533356   0.69504732    1.9334191   -7.6049376   -7.3152704   -8.6145687
   1.2890625   -70.526047   0.69314182    1.9324875   -7.6052823   -7.3147378    -8.620863
   1.2929688   -70.517891   0.69323921    1.9311413   -7.6051178   -7.3132229   -8.6275463
    1.296875   -70.509575   0.69283706    1.9305309   -7.6046858   -7.3125386   -8.6242037
   1.3007812   -70.501762   0.69006234    1.9321235   -7.6046605   -7.3137527   -8.6178064
   1.3046875   -70.494133   0.68575728    1.9345891   -7.6049781   -7.3160658    -8.619586
   1.3085938   -70.486099   0.68154263    1.9349487   -7.6050215   -7.3174582   -8.6256924
      1.3125   -70.477654   0.67819434    1.9319117   -7.6047525   -7.3169727   -8.6255503
   1.3164062   -70.468842   0.67651463    1.9283333   -7.6046281   -7.3159733    -8.621026
   1.3203125   -70.459389   0.67670983    1.9287711    -7.604713   -7.3161678   -8.6215239
   1.3242188   -70.449577   0.67721254    1.9326633   -7.6047707   -7.3170533    -8.625741
    1.328125   -70.440331   0.67568183    1.9347482   -7.6047969   -7.3165426   -8.6246462
   1.3320312   -70.431595   0.67215669    1.9336096    -7.604876   -7.3149815   -8.6194916
   1.3359375   -70.422218   0.66939205     1.932495   -7.6049514   -7.3155727   -8.6204424
   1.3398438   -70.411736   0.66956514    1.9316577   -7.6049743   -7.3194084   -8.6277523
     1.34375   -70.400757   0.67118376    1.9286599   -7.6050034   -7.3226547   -8.6300688
   1.3476562   -70.389572   0.67143238    1.9260097   -7.6049991   -7.3210378   -8.6235313
   1.3515625   -70.377724   0.66990304     1.928732   -7.6049471   -7.3161311   -8.6178818
   1.3554688   -70.365211   0.66856879    1.9341481   -7.6049676   -7.3140831   -8.6201906
    1.359375   -70.352951   0.66863638    1.9341155   -7.6049767    -7.317584   -8.6248503
   1.3632812   -70.341499    0.6699183    1.9280121   -7.6047268    -7.322331   -8.6247454
   1.3671875   -70.330231   0.67224026    1.9238749   -7.6044011   -7.3231921   -8.6223564
   1.3710938   -70.318436   0.67535651    1.9251599   -7.6044397   -7.3202572   -8.6227703
       1.375   -70.306274   0.67769474    1.9264901   -7.6047606    -7.316875   -8.6238775
   1.3789062   -70.294106   0.67740053    1.9251822    -7.604857   -7.3146095   -8.6212664
   1.3828125   -70.281731   0.67511493    1.9259197   -7.6046896   -7.3136849   -8.6170206
   1.3867188   -70.269035   0.67420357    1.9295319   -7.6046934   -7.3157091   -8.6170177
    1.390625   -70.256378   0.67695767    1.9288721   -7.6048689   -7.3209872   -8.6224051
   1.3945312   -70.243996   0.68164498     1.921928   -7.6047649   -7.3256559   -8.6274815
   1.3984375   -70.231667   0.68486118     1.917605   -7.6044641   -7.3258896   -8.6262722
   1.4023438   -70.219131   0.68504536    1.9217442   -7.6045728   -7.3230906   -8.6198769
     1.40625   -70.206169   0.68290114    1.9276984   -7.6050329   -7.3211088   -8.6154881
   1.4101562   -70.192825   0.68008059    1.9275874    -7.605186   -7.3205285   -8.6176958
   1.4140625   -70.179642   0.67881674    1.9242442     -7.60497   -7.3201799    -8.623251
   1.4179688   -70.166985   0.68113804    1.9234396   -7.6049213   -7.3213148    -8.626009
    1.421875    -70.15432   0.68721133    1.9224938   -7.6051922    -7.324852   -8.6242685
   1.4257812   -70.141014   0.69430405    1.9175274   -7.6053653   -7.3270659   -8.6210709
   1.4296875   -70.127457   0.69858664    1.9135245    -7.605238   -7.3238535   -8.6196489
   1.4335938   -70.114441   0.69890183    1.9161023    -7.605104   -7.3182082   -8.6205282
      1.4375   -70.101791   0.69772214    1.9202366   -7.6052632   -7.3180046   -8.6225443
   1.4414062   -70.088699   0.69839364    1.9173539   -7.6055093   -7.3256073   -8.6250525
   1.4453125   -70.075104   0.70241183    1.9090739   -7.6055965   -7.3336267   -8.6275625
   1.4492188   -70.061615   0.70909321    1.9042234   -7.6055622   -7.3332148   -8.6281252
    1.453125   -70.048553   0.71647817    1.9047191   -7.6054974   -7.3245668   -8.6248178
   1.4570312   -70.035774    0.7225467    1.9044901    -7.605401   -7.3163571   -8.6193991
   1.4609375   -70.023186   0.72559464    1.9017435   -7.6053429   -7.3158364    -8.617259
   1.4648438    -70.01059   0.72536683     1.901198   -7.6053896   -7.3227658   -8.6213207
     1.46875   -69.997299   0.72435009    1.9024017   -7.6054335   -7.3322926   -8.6278706
   1.4726562   -69.983063   0.72675163    1.8989455   -7.6053472   -7.3388443   -8.6308489
   1.4765625   -69.968727   0.73402828    1.8920656   -7.6052847   -7.3376284   -8.6285753
   1.4804688   -69.955132   0.74259257    1.8904283   -7.6055598   -7.3275604   -8.6239185
    1.484375     -69.9422   0.74752104    1.8945589   -7.6061106   -7.3147726   -8.6196785
   1.4882812    -69.92952   0.74769825      1.89639    -7.606401   -7.3095198   -8.6176081
   1.4921875   -69.916855    0.7463572    1.8939428   -7.6061811   -7.3163857   -8.6198235
   1.4960938   -69.903976   0.74757534    1.8918535   -7.6058412   -7.3291678   -8.6254606
         1.5   -69.890678   0.75293618    1.8903955   -7.6056809   -7.3373489   -8.6285896
   1.5039062   -69.877228   0.76088792    1.8866677    -7.605597   -7.3364239   -8.6253576
   1.5078125   -69.863983   0.76921868    1.8827853   -7.6055932   -7.3296738   -8.6205187
   1.5117188   -69.850639    0.7761721    1.8827759   -7.6058035   -7.3220563   -8.6207438
    1.515625   -69.836769   0.78017843    1.8841453   -7.6059437   -7.3169532   -8.6240864
   1.5195312   -69.822937    0.7812013    1.8812746   -7.6057048   -7.3173814   -8.6239538
   1.5234375    -69.81002   0.78261667     1.875352   -7.6053963    -7.324306   -8.6208162
   1.5273438   -69.797676   0.78830636    1.8717787   -7.6055255   -7.3334007    -8.620656
     1.53125   -69.784637    0.7983377    1.8705267   -7.6059089   -7.3378754   -8.6236324
   1.5351562   -69.770599   0.80848312    1.8685971    -7.606019   -7.3351712   -8.6242485
   1.5390625   -69.756638   0.81456488    1.8678561   -7.6059017   -7.3289256   -8.6222677
   1.5429688   -69.743408   0.81635177    1.8705087   -7.6059337   -7.3242254   -8.6228952
    1.546875   -69.730263   0.81701124    1.8717074   -7.6061082   -7.3235455    -8.625742
   1.5507812   -69.716873   0.82010084    1.8670788   -7.6061068   -7.3270116   -8.6253204
   1.5546875   -69.703873   0.82745332    1.8616338    -7.605969   -7.3327703    -8.622467
   1.5585938     -69.6912   0.83817339    1.8616601   -7.6059785   -7.3369675   -8.6232853
      1.5625   -69.677895   0.84816104    1.8644724   -7.6060791   -7.3361812   -8.6274872
   1.5664062   -69.663818   0.85319036    1.8649696   -7.6060076   -7.3312874   -8.6287489
   1.5703125    -69.64994   0.85310572    1.8652657   -7.6058593   -7.3271461   -8.6258945
   1.5742188   -69.636848   0.85252374    1.8684865   -7.6058626   -7.3272796   -8.6238394
    1.578125   -69.624069   0.85616231     1.869969    -7.605865   -7.3302536   -8.6243496
   1.5820312   -69.611168   0.86483002    1.8654069   -7.6056881   -7.3323612   -8.6250629
   1.5859375   -69.598457   0.87519974    1.8613317   -7.6055636   -7.3318968    -8.625865
   1.5898438   -69.586296   0.88344395    1.8654152    -7.605804    -7.329874     -8.62749
     1.59375   -69.574425   0.88822412    1.8724893   -7.6061864   -7.3281589   -8.6270237
   1.5976562   -69.562256   0.89107978    1.8732369   -7.6062627   -7.3278747   -8.6232977
   1.6015625   -69.549957   0.89427274    1.8697014     -7.60606   -7.3292308    -8.622097
   1.6054688   -69.538414   0.89959228    1.8690054    -7.605927    -7.331985   -8.6269951
    1.609375   -69.527908    0.9075914    1.8696293   -7.6059499   -7.3354268   -8.6308193
   1.6132812     -69.5177   0.91679478    1.8669039   -7.6060252   -7.3377748   -8.6268597
   1.6171875   -69.507217   0.92450315    1.8650967   -7.6061444   -7.3367205   -8.6213713
   1.6210938   -69.496811   0.92929894    1.8706406   -7.6062222   -7.3318415   -8.6226692
       1.625   -69.487038   0.93196559     1.878655   -7.6060653   -7.3263803   -8.6260834
   1.6289062    -69.47802   0.93455017     1.879329    -7.605814   -7.3248553   -8.6233845
   1.6328125   -69.469574   0.93918836    1.8740302   -7.6058288   -7.3288288   -8.6190977
   1.6367188   -69.461517   0.94675159     1.872665   -7.6060987   -7.3352981   -8.6221848
    1.640625   -69.453819    0.9559598    1.8769133   -7.6062856   -7.3395257   -8.6286955
   1.6445312   -69.446602   0.96411902    1.8795347    -7.606235   -7.3390346    -8.628562
   1.6484375   -69.440125   0.96919823    1.8800142   -7.6060309   -7.3348212   -8.6234398
   1.6523438   -69.434395   0.97156173     1.884814   -7.6058512   -7.3301139   -8.6219006
     1.65625   -69.429161   0.97398412    1.8918129   -7.6058402   -7.3280406   -8.6232414
   1.6601562   -69.424316   0.97919714    1.8918357   -7.6059346   -7.3297658   -8.6216583
   1.6640625   -69.419838   0.98711127    1.8863174    -7.605907   -7.3338981    -8.620142
   1.6679688   -69.415527   0.99509895    1.8866448   -7.6058865   -7.3374386    -8.624402
    1.671875   -69.411293    1.0005901    1.8948696   -7.6061592   -7.3379054   -8.6293068
   1.6757812   -69.407776    1.0031854    1.9013604   -7.6064982   -7.3353381    -8.627038
   1.6796875    -69.40551    1.0043797    1.9022274   -7.6064162   -7.3317895   -8.6219473
   1.6835938   -69.403877    1.0066818    1.9034355    -7.606113   -7.3296061   -8.6227074
      1.6875   -69.402023    1.0120015    1.9069883   -7.6061277   -7.3301034   -8.6270962
   1.6914062   -69.400322    1.0201398    1.9076074   -7.6063714   -7.3328795   -8.6278839
   1.6953125   -69.399651    1.0281845    1.9050856   -7.6064186   -7.3361092   -8.6259737
   1.6992188   -69.399719    1.0328929    1.9070424   -7.6063275   -7.3374524   -8.6259623
    1.703125   -69.399658     1.033648    1.9155982   -7.6063576   -7.3359065   -8.6263361
   1.7070312    -69.39959    1.0335745    1.9221748   -7.6065221   -7.3330574   -8.6246853
   1.7109375   -69.400314     1.036497    1.9208859   -7.6067328   -7.3316169   -8.6250849
   1.7148438   -69.401985     1.043306    1.9177212   -7.6069489   -7.3324919    -8.630043
     1.71875    -69.40387    1.0512656    1.9196249    -7.607008   -7.3340321   -8.6325893
   1.7226562   -69.405762    1.0574237    1.9236727   -7.6067986   -7.3340745   -8.6273155
   1.7265625   -69.408264      1.06089    1.9252262   -7.6065459   -7.3323207   -8.6220055
   1.7304688   -69.411568    1.0620244    1.9272535    -7.606513    -7.330307   -8.6253748
    1.734375   -69.414917    1.0618784    1.9320985   -7.6067314    -7.329844   -8.6307974
   1.7382812   -69.417877    1.0630071    1.9340146   -7.6070442   -7.3317332   -8.6280775
   1.7421875   -69.421112    1.0676943    1.9301864   -7.6071892   -7.3353891   -8.6231298
   1.7460938   -69.425323      1.07477    1.9279398    -7.607039   -7.3392091   -8.6268053
        1.75   -69.430168    1.0804521     1.932165   -7.6067562   -7.3409896    -8.632843
   1.7539062   -69.434921    1.0823947    1.9376671   -7.6065259   -7.3389635   -8.6284418
   1.7578125   -69.439743    1.0817815    1.9397523   -7.6063938   -7.3341479   -8.6193466
   1.7617188   -69.445045    1.0816406    1.9409587   -7.6064377   -7.3308282   -8.6214027
    1.765625   -69.450699      1.08371    1.9431566   -7.6066575   -7.3324003   -8.6321049
   1.7695312   -69.456558    1.0876489    1.9431943   -7.6067319   -7.3371325   -8.6343069
   1.7734375   -69.462868    1.0929402     1.940843   -7.6065102    -7.339766   -8.6258926
   1.7773438   -69.469711    1.0988494    1.9415219   -7.6064358   -7.3379693   -8.6219597
     1.78125   -69.477013    1.1026492    1.9467125   -7.6068034   -7.3350124   -8.6270304
   1.7851562    -69.48484    1.1014259    1.9506499    -7.607172   -7.3344188   -8.6287136
   1.7890625    -69.49295    1.0967728    1.9505031   -7.6070185   -7.3352542   -8.6225796
   1.7929688    -69.50087    1.0951009    1.9501684    -7.606483   -7.3350687   -8.6206417
    1.796875   -69.508827    1.1004105    1.9504093   -7.6062121   -7.3346801   -8.6281881
   1.8007812   -69.517387    1.1086724    1.9473984   -7.6064787   -7.3363786   -8.6331358
   1.8046875   -69.526474    1.1125327    1.9439539   -7.6068497   -7.3388443   -8.6276331
   1.8085938   -69.535645    1.1102624    1.9478488    -7.606935    -7.338469   -8.6216345
      1.8125    -69.54496    1.1058936    1.9562581   -7.6068292   -7.3351984   -8.6244497
   1.8164062   -69.554749    1.1029576    1.9572988   -7.6067743   -7.3325944    -8.629158
   1.8203125   -69.564835    1.1023425    1.9500743   -7.6067767    -7.332335    -8.626895
   1.8242188   -69.574905    1.1046253    1.9464871   -7.6068096   -7.3328819   -8.6227217
    1.828125   -69.585251    1.1090479    1.9501971   -7.6069484   -7.3336701   -8.6249981
   1.8320312   -69.596069    1.1118034    1.9520066   -7.6071873   -7.3362684   -8.6296215
   1.8359375   -69.606895    1.1091185    1.9493785    -7.607326   -7.3402495   -8.6282625
   1.8398438   -69.617378    1.1021272    1.9513069   -7.6072092    -7.341929   -8.6242533
     1.84375   -69.628082    1.0958786    1.9580896   -7.6070352    -7.339067   -8.6259995
   1.8476562   -69.639687     1.094137    1.9573034   -7.6070638   -7.3344216   -8.6303883
   1.8515625   -69.651711    1.0959523    1.9478016   -7.6071768    -7.332489   -8.6280975
   1.8554688   -69.662949    1.0977635    1.9446012   -7.6072006   -7.3339891   -8.6216784
    1.859375   -69.673416    1.0970902    1.9526018   -7.6072845   -7.3364258   -8.6222324
   1.8632812   -69.684395    1.0935271    1.9585184   -7.6074982   -7.3380675   -8.6299906
   1.8671875   -69.696129    1.0880421    1.9552072    -7.607533   -7.3386598   -8.6337833
   1.8710938   -69.707718    1.0828736    1.9525331   -7.6072469   -7.3382425   -8.6293221
       1.875   -69.719193    1.0802451    1.9566042   -7.6070576    -7.337358   -8.6242352
   1.8789062   -69.731323    1.0801413     1.958184   -7.6071725   -7.3368502    -8.624299
   1.8828125   -69.743614    1.0804219    1.9524325    -7.607254   -7.3366189   -8.6264353
   1.8867188   -69.754974    1.0793029    1.9510219   -7.6071544   -7.3357449   -8.6272831
    1.890625   -69.766014      1.07652    1.9606874   -7.6070786   -7.3346109   -8.6282797
   1.8945312   -69.778168     1.072215    1.9679145   -7.6070495   -7.3352537   -8.6299105
   1.8984375   -69.791069    1.0671657    1.9616026   -7.6069283   -7.3384008   -8.6297722
   1.9023438   -69.803307    1.0634246    1.9532753   -7.6068406   -7.3418164   -8.6278133
     1.90625   -69.815056    1.0625218    1.9561267   -7.6069427   -7.3427348   -8.6265182
   1.9101562   -69.827698     1.063224    1.9618297   -7.6069989   -7.3407521   -8.6258602
   1.9140625    -69.84127    1.0628583    1.9591943   -7.6068521   -7.3373499   -8.6247692
   1.9179688    -69.85437    1.0599022    1.9566679   -7.6067853   -7.3340583   -8.6255827
    1.921875   -69.866432    1.0549793    1.9632777   -7.6070037   -7.3321886   -8.6297073
   1.9257812   -69.878281    1.0498198    1.9681487   -7.6072993   -7.3330359     -8.63276
   1.9296875   -69.890533    1.0455838    1.9616257   -7.6073709   -7.3360038   -8.6310129
   1.9335938   -69.902885     1.042647    1.9556872   -7.6072674   -7.3386736   -8.6275702
      1.9375   -69.915237    1.0406296    1.9623725   -7.6072474   -7.3393388   -8.6264973
   1.9414062   -69.927864    1.0378157    1.9718541   -7.6073017   -7.3380561    -8.626585
   1.9453125   -69.940575    1.0323383     1.971566   -7.6072369   -7.3355141   -8.6258593
   1.9492188   -69.952797    1.0247246    1.9682561   -7.6070061   -7.3327193   -8.6262999
    1.953125   -69.964661    1.0173955    1.9719599   -7.6068397   -7.3319597   -8.6287117
   1.9570312   -69.976906    1.0121479    1.9762545   -7.6069303   -7.3347626   -8.6294851
   1.9609375   -69.989761    1.0085287    1.9730396    -7.607172   -7.3389168   -8.6276436
   1.9648438   -70.002525    1.0048225    1.9707223   -7.6072798   -7.3407035    -8.628026
     1.96875   -70.014771    0.9998917    1.9787437   -7.6072173   -7.3398852   -8.6320639
   1.9726562   -70.026695   0.99395651    1.9880205   -7.6070762    -7.339324   -8.6331596
   1.9765625   -70.038391   0.98800123    1.9863118   -7.6068888   -7.3404078   -8.6281996
   1.9804688   -70.049812   0.98328727    1.9802489   -7.6067696   -7.3410993   -8.6246204
    1.984375    -70.06131   0.98015863    1.9823037   -7.6068778   -7.3394156   -8.6276627
   1.9882812   -70.073318   0.97744119    1.9885418   -7.6071186   -7.3367138   -8.6307535
   1.9921875   -70.085526   0.97357982    1.9895214   -7.6072187   -7.3358583   -8.6280928
   1.9960938   -70.097404   0.96781409    1.9895585   -7.6070795   -7.3376336   -8.6258469