           0   -70.821609  -0.19337533  -0.26440465   -7.6196752   -7.5002646   -7.2938066
  0.00390625   -70.828217   -0.1995476  -0.26405242   -7.6196866   -7.4914808   -7.2884812
   0.0078125   -70.834412  -0.20183748  -0.26019257   -7.6200047   -7.4856758   -7.2899423
  0.01171875   -70.840935  -0.20225784  -0.25617838   -7.6201777   -7.4863195   -7.2971253
    0.015625   -70.847862  -0.20482907  -0.25520489     -7.62012   -7.4925785   -7.2985435
  0.01953125   -70.854683  -0.21154162  -0.25514352   -7.6201406   -7.4997764   -7.2914705
   0.0234375   -70.860947  -0.22026595  -0.25317121   -7.6202784   -7.5022993   -7.2864532
  0.02734375   -70.866913  -0.22760525  -0.25069839   -7.6203046   -7.4982481   -7.2904081
     0.03125   -70.873177  -0.23226172  -0.24963248   -7.6202445   -7.4914269   -7.2971783
  0.03515625   -70.879616  -0.23471512  -0.24791119   -7.6202183   -7.4877028   -7.2983775
   0.0390625   -70.885429  -0.23617533  -0.24352387   -7.6201639   -7.4893699   -7.2944779
  0.04296875   -70.890488  -0.23876129  -0.24001125   -7.6201463   -7.4935608   -7.2908182
    0.046875   -70.895752  -0.24445197  -0.24167708   -7.6202402   -7.4961309    -7.289506
  0.05078125   -70.901886  -0.25250325  -0.24547507   -7.6201715   -7.4955955   -7.2895942
   0.0546875   -70.908226  -0.25931516  -0.24536221   -7.6198483   -7.4933023   -7.2907825
  0.05859375    -70.91394  -0.26163131  -0.24201989   -7.6197658   -7.4911981   -7.2934141
      0.0625   -70.919258  -0.26013067  -0.24060984   -7.6201425   -7.4902124   -7.2961965
  0.06640625   -70.924706  -0.25871107  -0.24176854   -7.6204634   -7.4904056   -7.2963591
   0.0703125   -70.930176  -0.26069739  -0.24193345    -7.620223   -7.4912701   -7.2931767
  0.07421875    -70.93544  -0.26622254  -0.24106607   -7.6197691   -7.4918513   -7.2898345
    0.078125    -70.94062  -0.27265635  -0.24266827   -7.6196918   -7.4916468   -7.2901745
  0.08203125    -70.94574  -0.27643499  -0.24627583   -7.6199408   -7.4918375   -7.2936282
   0.0859375   -70.950569  -0.27547032  -0.24724126   -7.6200457   -7.4940553   -7.2955656
  0.08984375   -70.955162  -0.27121603  -0.24473456   -7.6199846   -7.4972386   -7.2935152
     0.09375    -70.95977  -0.26811236  -0.24359614    -7.619978   -7.4981294     -7.29036
  0.09765625   -70.964195  -0.26991466  -0.24661832    -7.619977   -7.4952292   -7.2900639
   0.1015625   -70.967705   -0.2754938  -0.25019079   -7.6199183   -7.4907417   -7.2923145
  0.10546875   -70.970177  -0.27954128  -0.25064179   -7.6200223   -7.4881115   -7.2934222
    0.109375    -70.97258  -0.27802053  -0.25003043    -7.620275   -7.4887123   -7.2925215
  0.11328125   -70.975609  -0.27262878  -0.25134993   -7.6203284   -7.4910736   -7.2933221
   0.1171875   -70.978516  -0.26841486  -0.25279099   -7.6201215   -7.4930539   -7.2967215
  0.12109375   -70.980446  -0.26830694  -0.25205794   -7.6200514   -7.4937067   -7.2967739
       0.125    -70.98172  -0.27119851  -0.25206867   -7.6202474    -7.493135   -7.2903051
  0.12890625   -70.982933  -0.27457574  -0.25662106    -7.620358   -7.4925508   -7.2854943
   0.1328125   -70.983681  -0.27598581  -0.26306716   -7.6202545   -7.4934382   -7.2908168
  0.13671875   -70.983452  -0.27308747  -0.26549721    -7.620193   -7.4951067   -7.2994552
    0.140625   -70.982651    -0.265477  -0.26436943    -7.620204   -7.4944158   -7.2979765
  0.14453125   -70.981956  -0.25715157  -0.26547003   -7.6200304   -7.4898405   -7.2878208
   0.1484375   -70.981155  -0.25414774  -0.26982141   -7.6197057   -7.4841108    -7.283639
  0.15234375   -70.979332  -0.25778908  -0.27314714    -7.619554   -7.4812708   -7.2906246
     0.15625   -70.976196  -0.26229396  -0.27498627   -7.6196508   -7.4829707   -7.2976694
  0.16015625   -70.972672  -0.26075327   -0.2791878   -7.6197076   -7.4880757   -7.2964067
   0.1640625   -70.969559  -0.25247964  -0.28495333   -7.6195641   -7.4937963   -7.2932153
  0.16796875   -70.966354  -0.24243934  -0.28692567   -7.6193986   -7.4964385    -7.294795
    0.171875   -70.962212  -0.23554398  -0.28533661   -7.6193986   -7.4936633    -7.295114
  0.17578125   -70.957397  -0.23306528   -0.2864123   -7.6194911   -7.4871697   -7.2883954
   0.1796875   -70.952744   -0.2338652  -0.29208672   -7.6195321   -7.4822159   -7.2834706
  0.18359375   -70.948135  -0.23538497  -0.29808775   -7.6195865   -7.4829531   -7.2901802
      0.1875   -70.942375  -0.23373502  -0.30163088   -7.6197352   -7.4885397    -7.300384
  0.19140625   -70.935333  -0.22573072  -0.30396277    -7.619802   -7.4942932   -7.2993212
   0.1953125   -70.928459  -0.21299155  -0.30622008     -7.61971   -7.4957366   -7.2894783
  0.19921875   -70.922264  -0.20219621  -0.30809465   -7.6196775   -7.4918985    -7.285727
    0.203125   -70.915291  -0.19932431  -0.30995941   -7.6197195   -7.4858117    -7.291151
  0.20703125   -70.906654  -0.20318191  -0.31303573   -7.6197071   -7.4822173    -7.294878
   0.2109375   -70.897675  -0.20583726  -0.31740326   -7.6196475   -7.4836063   -7.2924657
  0.21484375   -70.889511   -0.2004531  -0.32167742   -7.6196728   -7.4878893   -7.2915206
     0.21875   -70.881485  -0.18767446  -0.32462311      -7.6197   -7.4905643   -7.2950025
  0.22265625   -70.872604  -0.17400469  -0.32610586   -7.6195769   -7.4892192   -7.2952652
   0.2265625   -70.862991  -0.16533953  -0.32690364   -7.6194196   -7.4854374   -7.2896166
  0.23046875   -70.853256  -0.16335589  -0.32843217   -7.6194968   -7.4824834   -7.2869987
    0.234375   -70.843582  -0.16531438  -0.33183536   -7.6198349   -7.4823108   -7.2926064
  0.23828125   -70.833824  -0.16577099  -0.33637503   -7.6201162   -7.4851551   -7.2985902
   0.2421875   -70.823494  -0.15972821  -0.33943394   -7.6200538   -7.4895086   -7.2973557
  0.24609375   -70.812302  -0.14663385   -0.3398059   -7.6198249   -7.4917274    -7.292913
        0.25    -70.80069  -0.13134471  -0.33949405   -7.6197352   -7.4888296   -7.2915421
  0.25390625   -70.789337  -0.12074497   -0.3403706   -7.6197443   -7.4826393   -7.2917461
   0.2578125   -70.778023  -0.11779574  -0.34210584   -7.6197147   -7.4784322   -7.2908068
  0.26171875   -70.765938  -0.11851296  -0.34463829    -7.619607   -7.4796786   -7.2920918
    0.265625   -70.753136  -0.11612889   -0.3485361   -7.6194687   -7.4853139   -7.2978811
  0.26953125   -70.740585  -0.10757203  -0.35219833   -7.6194286   -7.4912701   -7.3014359
   0.2734375   -70.728401 -0.094762869  -0.35285333   -7.6194863   -7.4933305   -7.2959332
  0.27734375   -70.715515 -0.081497394  -0.35105902   -7.6195197   -7.4892073   -7.2873163
     0.28125   -70.701706 -0.071122363    -0.350925    -7.619442   -7.4807968   -7.2874494
  0.28515625   -70.687935 -0.065345138   -0.3547186    -7.619359   -7.4741411    -7.296339
   0.2890625   -70.674591 -0.062870249  -0.35969451   -7.6194539   -7.4752998   -7.3020039
  0.29296875   -70.661026 -0.059337623  -0.36198768   -7.6196556   -7.4839911   -7.2982521
    0.296875   -70.646896 -0.051063817  -0.36185539   -7.6196485   -7.4919333   -7.2921729
  0.30078125   -70.632721 -0.038789921  -0.36229825   -7.6193609   -7.4909439   -7.2912903
   0.3046875   -70.618843 -0.026971448  -0.36358321   -7.6191878   -7.4824047   -7.2937303
  0.30859375   -70.605072 -0.019272484  -0.36364523   -7.6193819   -7.4753857   -7.2947726
      0.3125   -70.590965 -0.015547983  -0.36391866   -7.6196208   -7.4758306   -7.2943463
  0.31640625   -70.576195 -0.012307785  -0.36759976   -7.6195021   -7.4814219   -7.2942295
   0.3203125   -70.560806 -0.0057525774  -0.37191871   -7.6191893   -7.4867024   -7.2942281
  0.32421875   -70.545143 0.0050826436  -0.37139118   -7.6191792   -7.4889665   -7.2942729
    0.328125   -70.529816  0.017293891  -0.36772302   -7.6194921   -7.4878287   -7.2950144
  0.33203125   -70.514999  0.026333431  -0.36733311    -7.619585    -7.483376   -7.2950153
   0.3359375   -70.500107  0.030439625  -0.37081963   -7.6192875   -7.4777241   -7.2930398
  0.33984375   -70.484673   0.03271791  -0.37315166   -7.6190634    -7.475491   -7.2918911
     0.34375   -70.469086  0.037881609  -0.37287629   -7.6191707   -7.4792552   -7.2937188
  0.34765625   -70.453926  0.047188859  -0.37327045   -7.6193805   -7.4851284   -7.2950711
   0.3515625   -70.439003  0.058171593  -0.37495872   -7.6195459   -7.4867039   -7.2929983
  0.35546875   -70.423531   0.06761013  -0.37477672     -7.61975   -7.4831247   -7.2914047
    0.359375   -70.407295  0.073586181  -0.37263712   -7.6198545   -7.4795494   -7.2939372
  0.36328125   -70.391113  0.075962506  -0.37321058   -7.6197128   -7.4800444   -7.2961903
   0.3671875   -70.375648  0.077362418  -0.37780815   -7.6195574   -7.4830561    -7.294086
  0.37109375   -70.360489  0.081935637  -0.38062921   -7.6196179   -7.4846802    -7.292901
       0.375   -70.345016  0.091697671  -0.37791991   -7.6196876   -7.4834847   -7.2972584
  0.37890625   -70.329468   0.10392329  -0.37417072   -7.6195087    -7.480248     -7.29987
   0.3828125   -70.314392   0.11290897  -0.37412775   -7.6193457   -7.4759769   -7.2933421
  0.38671875   -70.299599   0.11531843  -0.37589142   -7.6195149   -7.4730763   -7.2861505
    0.390625    -70.28437   0.11383434  -0.37653434   -7.6197505   -7.4752197   -7.2907968
  0.39453125   -70.268669    0.1146865  -0.37722936   -7.6196599   -7.4824224   -7.3014851
   0.3984375   -70.253212   0.12155049  -0.37910792   -7.6193957   -7.4882016   -7.3022771
  0.40234375    -70.23838   0.13273706   -0.3800813   -7.6193995   -7.4861031   -7.2934995
     0.40625   -70.224022   0.14348353  -0.37866452   -7.6195979   -7.4782238   -7.2899275
  0.41015625   -70.209694    0.1504612  -0.37740999   -7.6195707   -7.4726152    -7.294786
   0.4140625   -70.194901   0.15330921  -0.37974933   -7.6193457   -7.4731913   -7.2964053
  0.41796875   -70.179665   0.15389939  -0.38490868   -7.6193981   -7.4770126   -7.2922826
    0.421875   -70.164734    0.1554244  -0.38886338   -7.6196833   -7.4805145   -7.2941074
  0.42578125   -70.150612   0.16148014  -0.38933405   -7.6197381   -7.4831781   -7.3032188
   0.4296875   -70.136665   0.17262554  -0.38803655   -7.6196303   -7.4841118   -7.3040156
  0.43359375   -70.122292   0.18448074  -0.38796967   -7.6197972    -7.480495   -7.2915001
      0.4375   -70.107887   0.19085772  -0.38968351   -7.6200881   -7.4730487   -7.2836542
  0.44140625   -70.094238   0.19020464  -0.39199951   -7.6200094   -7.4685936   -7.2927608
   0.4453125   -70.081139   0.18757516  -0.39464188   -7.6196122   -7.4726124   -7.3039742
  0.44921875   -70.067635   0.18923244  -0.39771754   -7.6193929   -7.4815388   -7.3005037
    0.453125   -70.053673   0.19661523  -0.39995116   -7.6194859   -7.4864497   -7.2919164
  0.45703125   -70.040215   0.20639238   -0.3996335   -7.6196356   -7.4831486    -7.295198
   0.4609375    -70.02739   0.21390304  -0.39742967   -7.6196194   -7.4756546   -7.3033419
  0.46484375   -70.014442   0.21582071  -0.39676243   -7.6194882    -7.470396   -7.2985997
     0.46875   -70.001152   0.21228552   -0.3999736   -7.6194782   -7.4701405   -7.2866364
  0.47265625   -69.987968   0.20784965  -0.40450051   -7.6196637   -7.4736161   -7.2887282
   0.4765625   -69.974976   0.20871638  -0.40587914   -7.6197762     -7.47823    -7.303874
  0.48046875   -69.962326   0.21699907  -0.40489197   -7.6196451   -7.4808044   -7.3087215
    0.484375   -69.950386   0.22816221  -0.40587053   -7.6195455   -7.4780354   -7.2968197
  0.48828125   -69.938934   0.23504202  -0.40842077   -7.6196885   -7.4704189   -7.2881804
   0.4921875   -69.927269   0.23485972  -0.40898228    -7.619875   -7.4643335   -7.2940884
  0.49609375    -69.91526   0.23118851  -0.40919501   -7.6199079   -7.4661818   -7.3007054
         0.5   -69.903343    0.2296693  -0.41335526   -7.6199245   -7.4747896   -7.2972431
  0.50390625   -69.891739   0.23335865  -0.41928357    -7.620039   -7.4823437   -7.2938247
   0.5078125   -69.880371   0.24154863  -0.42119777   -7.6200385   -7.4826708   -7.2987919
  0.51171875   -69.869026   0.25046486  -0.41964674   -7.6198435   -7.4764118   -7.3019915
    0.515625   -69.857613   0.25541228  -0.42032546   -7.6196241   -7.4682388   -7.2949691
  0.51953125    -69.84639   0.25493515  -0.42446494   -7.6195416   -7.4624619   -7.2880907
   0.5234375   -69.835548   0.25231075  -0.42739925   -7.6195793    -7.462018   -7.2925773
  0.52734375   -69.824776   0.25189081  -0.42753303    -7.619658   -7.4679503   -7.3013539
     0.53125   -69.813728   0.25525436  -0.42920771   -7.6196938   -7.4771385   -7.3023982
  0.53515625   -69.802658   0.26124057  -0.43322119   -7.6197186   -7.4826031   -7.2979975
   0.5390625    -69.79187    0.2671532  -0.43395597   -7.6197743   -7.4791059   -7.2968731
  0.54296875   -69.781242   0.27020013  -0.43052241   -7.6197901   -7.4692721   -7.2983189
    0.546875   -69.770622   0.26901215  -0.42986026   -7.6196928   -7.4621902   -7.2966924
  0.55078125   -69.760094   0.26524252  -0.43426141   -7.6196518   -7.4640169   -7.2935462
   0.5546875   -69.749619   0.26330692  -0.43740985   -7.6198306   -7.4713573   -7.2944207
  0.55859375   -69.739243   0.26696146  -0.43605885   -7.6200795   -7.4761238   -7.2986269
      0.5625     -69.7295   0.27450678  -0.43437767   -7.6200895   -7.4750409   -7.3008113
  0.56640625   -69.720459   0.27997312  -0.43508375   -7.6198907   -7.4710398   -7.2991142
   0.5703125   -69.711487   0.27978393  -0.43561637   -7.6197944   -7.4675417   -7.2959261
  0.57421875   -69.702362   0.27616036  -0.43431947   -7.6199408   -7.4651799   -7.2940564
    0.578125   -69.693611   0.27359748   -0.4337168   -7.6201053    -7.464314   -7.2955084
  0.58203125   -69.685165    0.2745885  -0.43564478   -7.6201882   -7.4663992    -7.299974
   0.5859375    -69.67643   0.27889851  -0.43725115   -7.6202979   -7.4703565    -7.302969
  0.58984375   -69.667633   0.28449479  -0.43522885   -7.6203547   -7.4712405   -7.3004422
     0.59375    -69.65976   0.28819323  -0.43143383   -7.6201534   -7.4668384   -7.2956219
  0.59765625   -69.652939   0.28743964  -0.42976159   -7.6198511   -7.4622288   -7.2948618
   0.6015625   -69.646278   0.28318152  -0.43007204   -7.6198359   -7.4632521   -7.2976065
  0.60546875   -69.639351   0.28004831  -0.43019053   -7.6201053   -7.4679241   -7.2984128
    0.609375   -69.632912   0.28246257  -0.43020254   -7.6202774   -7.4692955   -7.2973537
  0.61328125   -69.627716   0.29027668  -0.43024996    -7.620194   -7.4660087   -7.2989492
   0.6171875   -69.623421   0.29841569  -0.42815188   -7.6200619   -7.4636927   -7.3015823
  0.62109375   -69.619225   0.30089203  -0.42376983   -7.6200857   -7.4655185   -7.2990112
       0.625   -69.614975   0.29624012  -0.42110068   -7.6201329   -7.4678612   -7.2931767
  0.62890625   -69.611298   0.28933486   -0.4214597   -7.6200333   -7.4672999   -7.2934141
   0.6328125   -69.608604   0.28747353  -0.42104748   -7.6198983   -7.4655857   -7.3002987
  0.63671875   -69.606674   0.29363033  -0.41833875   -7.6198812   -7.4647527   -7.3030343
    0.640625   -69.604988   0.30335656  -0.41598898   -7.6199174   -7.4628263   -7.2975688
  0.64453125   -69.603386   0.30944681  -0.41429475   -7.6199179   -7.4584537    -7.294127
   0.6484375   -69.602097   0.30871883  -0.41104105   -7.6199193   -7.4553914    -7.299273
  0.65234375   -69.601585    0.3033852  -0.40794301   -7.6199245   -7.4575286    -7.303925
     0.65625   -69.602081    0.2980004  -0.40849504   -7.6199265   -7.4621987   -7.2993946
  0.66015625   -69.603371   0.29717955  -0.40945119   -7.6198211   -7.4632554    -7.292881
   0.6640625   -69.605385   0.30300921  -0.40493464   -7.6195436   -7.4595022   -7.2948165
  0.66796875   -69.608315   0.31290635   -0.3978813   -7.6192503   -7.4555721   -7.3010235
    0.671875   -69.611984   0.32042035  -0.39579335   -7.6192579   -7.4548011   -7.3010421
  0.67578125   -69.615814   0.32077447  -0.39751506   -7.6195211   -7.4556785   -7.2962918
   0.6796875    -69.61972   0.31555736  -0.39607355   -7.6196737   -7.4561315   -7.2959223
  0.68359375   -69.624153   0.31115213  -0.39147711   -7.6195469   -7.4570599   -7.3001599
      0.6875   -69.629242   0.31222385  -0.38904947   -7.6193452   -7.4597149   -7.3013549
  0.69140625   -69.634644   0.31881186   -0.3881214   -7.6193223   -7.4622593   -7.2985854
   0.6953125   -69.640404   0.32791966  -0.38397598   -7.6194043   -7.4621015   -7.2984648
  0.69921875   -69.646996   0.33539787  -0.37888783   -7.6194038   -7.4597192    -7.302072
    0.703125   -69.654396   0.33730093  -0.37913591   -7.6192651   -7.4571939   -7.3023973
  0.70703125     -69.6623   0.33307415  -0.38219231   -7.6191669   -7.4546332   -7.2963543
   0.7109375   -69.670906   0.32778355  -0.37917677   -7.6192083   -7.4511061   -7.2910314
  0.71484375   -69.680328   0.32829154  -0.37035173   -7.6193199   -7.4480524   -7.2940464
     0.71875   -69.689812   0.33642629  -0.36555192   -7.6194234   -7.4483886   -7.3020458
  0.72265625    -69.69873   0.34713757  -0.36705288   -7.6194854    -7.452147   -7.3045917
   0.7265625   -69.707657   0.35374793  -0.36600047   -7.6194592   -7.4556122   -7.2989321
  0.73046875   -69.717628   0.35382789  -0.36019075   -7.6193728   -7.4555602   -7.2942729
    0.734375   -69.728813   0.35078651  -0.35865226   -7.6193542   -7.4523716   -7.2977543
  0.73828125   -69.740463   0.34962782  -0.36277762   -7.6194863   -7.4487324   -7.3027225
   0.7421875   -69.752007   0.35264069  -0.36182618    -7.619678   -7.4466639   -7.2995844
  0.74609375   -69.763428   0.35891271   -0.3533673   -7.6196985   -7.4469328   -7.2930832
        0.75    -69.77507   0.36573571  -0.34871641   -7.6194234   -7.4493737   -7.2949672
  0.75390625   -69.787422   0.36993676  -0.35245541   -7.6190777   -7.4523058   -7.3022647
   0.7578125   -69.800598   0.37041777  -0.35527062    -7.619103   -7.4527483   -7.3010769
  0.76171875   -69.814247   0.36928907  -0.35167104   -7.6194754   -7.4485741   -7.2926784
    0.765625   -69.828278   0.36991245  -0.34830791    -7.619678   -7.4419961   -7.2930789
  0.76953125   -69.842842    0.3742986  -0.34950742   -7.6195288   -7.4393115   -7.3032117
   0.7734375   -69.857689   0.38161832  -0.34900764   -7.6194081   -7.4440622   -7.3056293
  0.77734375   -69.872223   0.38859612  -0.34341455   -7.6195264   -7.4513702   -7.2963638
     0.78125   -69.886436   0.39208421  -0.34088576   -7.6195917    -7.452765   -7.2926612
  0.78515625   -69.901176    0.3919771  -0.34652385   -7.6194258   -7.4464922   -7.3010235
   0.7890625   -69.917122   0.39112622  -0.35122275   -7.6192999   -7.4391427   -7.3053451
  0.79296875   -69.933838   0.39279211  -0.34680232   -7.6193681   -7.4365954   -7.2973619
    0.796875   -69.950439   0.39791077  -0.34052694   -7.6193485   -7.4387617   -7.2918601
  0.80078125   -69.966759   0.40473339  -0.34133205   -7.6190653   -7.4436431   -7.2988615
   0.8046875   -69.983315    0.4099997  -0.34436211    -7.618897   -7.4493427   -7.3056741
  0.80859375   -70.000412   0.41144225  -0.34273782   -7.6191339    -7.451674   -7.3008256
      0.8125   -70.017815   0.41003516  -0.34064999   -7.6195188   -7.4467216   -7.2944736
  0.81640625   -70.035133   0.40926462  -0.34270436   -7.6196895   -7.4375944   -7.2987723
   0.8203125   -70.052444   0.41181317   -0.3440825   -7.6196852   -7.4329991   -7.3056116
  0.82421875    -70.07003   0.41753927  -0.34105849   -7.6196651   -7.4364619   -7.3024168
    0.828125   -70.087708   0.42383412  -0.33866748   -7.6196423   -7.4418869   -7.2951946
  0.83203125   -70.105148   0.42777899  -0.34093648   -7.6196103   -7.4427528   -7.2967801
   0.8359375   -70.122665   0.42861864   -0.3442758   -7.6196041   -7.4405994   -7.3038964
  0.83984375   -70.140724    0.4282257  -0.34480104   -7.6195188   -7.4401002   -7.3047471
     0.84375   -70.159058   0.42927349  -0.34382167   -7.6193438   -7.4402366   -7.3001146
  0.84765625   -70.177124   0.43323177  -0.34339333   -7.6193891   -7.4372492   -7.2986007
   0.8515625   -70.195152   0.43920815  -0.34271371   -7.6198006   -7.4333768   -7.2993169
  0.85546875   -70.213654   0.44406763  -0.34164095   -7.6201305   -7.4344101   -7.2970343
    0.859375   -70.232422   0.44526321  -0.34255362    -7.620019   -7.4395695   -7.2960148
  0.86328125   -70.250862   0.44340152  -0.34574327   -7.6197762   -7.4415269   -7.3019176
   0.8671875   -70.269066   0.44162941  -0.34733385    -7.619822   -7.4369922   -7.3075981
  0.87109375   -70.287689   0.44275659  -0.34533277   -7.6199698   -7.4311767   -7.3031392
       0.875   -70.306946   0.44729444  -0.34318009   -7.6199169   -7.4301162   -7.2938423
  0.87890625   -70.326118   0.45325956   -0.3434197   -7.6198564   -7.4330578   -7.2921629
   0.8828125   -70.344749   0.45760024  -0.34418795   -7.6200366   -7.4354863   -7.2977247
  0.88671875   -70.363487   0.45819002  -0.34480634   -7.6201959   -7.4356008   -7.3012877
    0.890625   -70.382645   0.45551044  -0.34701636   -7.6200433   -7.4346709   -7.3016243
  0.89453125   -70.401451   0.45267853  -0.34928957   -7.6197762   -7.4332814   -7.3025837
   0.8984375   -70.419678   0.45345688  -0.34760246   -7.6197085   -7.4311857   -7.3012991
  0.90234375   -70.438202   0.45901853  -0.34309724   -7.6198039   -7.4301691   -7.2951846
     0.90625   -70.457275   0.46633506  -0.34179568   -7.6199036   -7.4322176   -7.2922306
  0.91015625   -70.476074   0.47062346  -0.34495336   -7.6200142   -7.4350424   -7.2982159
   0.9140625   -70.494186   0.46971384  -0.34735373   -7.6201525   -7.4342289   -7.3038979
  0.91796875   -70.512253   0.46579912  -0.34629187   -7.6201334   -7.4300404   -7.3004918
    0.921875   -70.530724   0.46257496  -0.34483743   -7.6198606   -7.4271722   -7.2953959
  0.92578125   -70.549232   0.46230504  -0.34467483    -7.619597   -7.4280958    -7.297255
   0.9296875   -70.567474   0.46526515  -0.34259722   -7.6195364    -7.430438   -7.2997594
  0.93359375   -70.585541   0.47012946  -0.33795142   -7.6195278   -7.4307966   -7.2962904
      0.9375   -70.603455   0.47407886  -0.33658153   -7.6194758   -7.4289365   -7.2951021
  0.94140625   -70.620941   0.47445944  -0.34120318   -7.6194453   -7.4276347   -7.3027811
   0.9453125   -70.637985    0.4709883  -0.34487712   -7.6194072   -7.4287815   -7.3082047
  0.94921875   -70.655243   0.46657023  -0.34138703     -7.61936   -7.4301171   -7.3013053
    0.953125   -70.673187   0.46494964  -0.33530834   -7.6193862   -7.4284434   -7.2923684
  0.95703125   -70.691132    0.4670198  -0.33347052   -7.6195173   -7.4255037   -7.2944412
   0.9609375   -70.708237   0.46981889  -0.33377221   -7.6196733   -7.4257116   -7.3013992
  0.96484375   -70.724991   0.47000176  -0.33195204   -7.6197567    -7.428699   -7.3017268
     0.96875   -70.742188   0.46689126  -0.33109781   -7.6196833   -7.4296174   -7.2992225
  0.97265625     -70.7593   0.46183977  -0.33409432   -7.6194792   -7.4270973   -7.3015184
   0.9765625   -70.775322   0.45650855  -0.33488259   -7.6194096   -7.4253602   -7.3031659
  0.98046875    -70.79071   0.45273089  -0.32813659    -7.619638   -7.4266562    -7.298059
    0.984375   -70.806709   0.45187613  -0.32004273    -7.619978   -7.4276848   -7.2941794
  0.98828125   -70.823479   0.45269287  -0.31920883   -7.6200566   -7.4258189   -7.2993574
   0.9921875   -70.840149   0.45176786  -0.32340351   -7.6198549   -7.4236822    -7.305954
  0.99609375   -70.856331   0.44718295  -0.32471633   -7.6197467   -7.4241939   -7.3039441
           1   -70.872307   0.44070536  -0.32234168   -7.6198611   -7.4254088   -7.2971902
   1.0039062   -70.888168   0.43553561   -0.3209213   -7.6199203   -7.4241605   -7.2946615
   1.0078125   -70.903786   0.43304288  -0.32018545   -7.6198339   -7.4217882   -7.2965531
   1.0117188   -70.919167   0.43188992  -0.31616139   -7.6198411   -7.4217114   -7.2990704
    1.015625    -70.93441   0.42961523  -0.31098616   -7.6200352   -7.4236116   -7.3023915
   1.0195312   -70.949425   0.42472845  -0.31121892   -7.6202102   -7.4248695   -7.3055086
   1.0234375   -70.964294   0.41761178  -0.31604031   -7.6201668   -7.4248409   -7.3034649
   1.0273438    -70.97921   0.40970483  -0.31745842   -7.6199765    -7.424015   -7.2968235
     1.03125   -70.994064   0.40268359  -0.31296211   -7.6198707   -7.4214854   -7.2937212
   1.0351562   -71.008842   0.39783317  -0.30794343   -7.6199403   -7.4176359   -7.2972283
   1.0390625   -71.023895   0.39470062  -0.30585504   -7.6200895   -7.4168897   -7.3013282
   1.0429688    -71.03923   0.39094552  -0.30501741   -7.6201835   -7.4220872   -7.3027797
    1.046875   -71.054169   0.38450614  -0.30480543   -7.6201763   -7.4283752   -7.3041778
   1.0507812   -71.068237   0.37594903  -0.30666751   -7.6201601   -7.4284239   -7.3037286
   1.0546875   -71.081734   0.36775547  -0.30899242   -7.6202674   -7.4224763   -7.2973423
   1.0585938   -71.095222   0.36151949  -0.30774638   -7.6204081    -7.417573   -7.2914705
      1.0625   -71.108788   0.35627851  -0.30234653    -7.620338   -7.4176788    -7.296576
   1.0664062   -71.122215   0.35025784  -0.29681176   -7.6200323   -7.4202857    -7.307446
   1.0703125   -71.135437   0.34292954  -0.29518825   -7.6198311   -7.4226122   -7.3086867
   1.0742188   -71.148659   0.33475035  -0.29787931   -7.6199226   -7.4246492   -7.3001003
    1.078125   -71.161789   0.32589349  -0.30171204   -7.6201429   -7.4256759   -7.2960792
   1.0820312   -71.174637   0.31653172  -0.30236045   -7.6202674    -7.423595   -7.2997179
   1.0859375   -71.187302   0.30781865   -0.2986773    -7.620295   -7.4188542   -7.3003626
   1.0898438   -71.199783   0.30074987  -0.29459137   -7.6203146   -7.4154062   -7.2973199
     1.09375    -71.21167   0.29379949  -0.29417759   -7.6203337   -7.4158792   -7.3010755
   1.0976562   -71.222603   0.28416845  -0.29709339   -7.6203055   -7.4184356   -7.3088961
   1.1015625   -71.233131   0.27201405  -0.30085886   -7.6202626   -7.4200325     -7.30545
   1.1054688   -71.243912    0.2602351   -0.3041158   -7.6203208   -7.4199028   -7.2922873
    1.109375   -71.254715   0.25075045  -0.30573022   -7.6204123   -7.4190364    -7.289474
   1.1132812   -71.264771    0.2430526  -0.30393571   -7.6203613   -7.4188023   -7.3016758
   1.1171875   -71.273941   0.23540509  -0.29905483   -7.6201887   -7.4201994   -7.3102803
   1.1210938   -71.282715   0.22560349  -0.29593992   -7.6200886   -7.4227228   -7.3060274
       1.125   -71.291168   0.21233489  -0.29966474   -7.6201596    -7.423656   -7.3010216
   1.1289062   -71.298805   0.19675934  -0.30758697   -7.6203418   -7.4203658   -7.3012342
   1.1328125   -71.305687   0.18273647  -0.31144318   -7.6205854   -7.4139943   -7.2970018
   1.1367188   -71.312347   0.17337565  -0.30886671   -7.6208076   -7.4091339   -7.2891941
    1.140625   -71.318718   0.16736059  -0.30542618   -7.6208835   -7.4095755   -7.2934403
   1.1445312   -71.324341   0.16005147  -0.30489898   -7.6207685   -7.4153595   -7.3085809
   1.1484375   -71.329147    0.1483096  -0.30599779   -7.6205134   -7.4229984   -7.3125987
   1.1523438   -71.333443   0.13297471  -0.30879864   -7.6202159   -7.4268293   -7.2999887
     1.15625   -71.337234   0.11753842  -0.31509766   -7.6200151   -7.4223742   -7.2916718
   1.1601562   -71.340424   0.10521113  -0.32143316   -7.6199985   -7.4117813   -7.2977161
   1.1640625    -71.34317  0.096836939  -0.32133049   -7.6200552   -7.4041834   -7.3027139
   1.1679688   -71.345718  0.090649456   -0.3153418   -7.6200953   -7.4064345   -7.2985792
    1.171875     -71.3479   0.08296372  -0.31128436    -7.620193   -7.4152036   -7.2983742
   1.1757812   -71.349007   0.07059937  -0.31431228   -7.6203585   -7.4213767   -7.3057618
   1.1796875   -71.348801  0.054258034  -0.32144067   -7.6204782   -7.4202671   -7.3043995
   1.1835938   -71.347992    0.0385473   -0.3266685   -7.6205535   -7.4144764   -7.2911472
      1.1875   -71.347534  0.027528556  -0.32827705   -7.6206985   -7.4081531   -7.2873669
   1.1914062   -71.347458  0.020952282   -0.3279838   -7.6208277   -7.4040608   -7.3017473
   1.1953125   -71.346893  0.014628752  -0.32581836   -7.6207647   -7.4054623   -7.3130054
   1.1992188   -71.345047 0.0046943105  -0.32207054   -7.6205955   -7.4138212   -7.3059578
    1.203125   -71.341949 -0.0090063708  -0.32189009   -7.6205516   -7.4229708   -7.2952986
   1.2070312    -71.33831 -0.023946563  -0.32937965   -7.6206403   -7.4225855   -7.2965965
   1.2109375   -71.334778 -0.037677921  -0.33879623   -7.6207743   -7.4111538   -7.3008571
   1.2148438   -71.331413 -0.048648719  -0.34092247   -7.6208763   -7.4001412   -7.2971811
     1.21875   -71.327782 -0.056509573  -0.33632848   -7.6208382   -7.4011254   -7.2957234
   1.2226562   -71.323441 -0.062996112  -0.33295166    -7.620594   -7.4119539   -7.3058829
   1.2265625   -71.318169 -0.071610816  -0.33357352   -7.6204181   -7.4206505   -7.3134212
   1.2304688   -71.312027 -0.084705003  -0.33573094   -7.6204996   -7.4197769   -7.3038192
    1.234375   -71.305618   -0.1003572  -0.33947185   -7.6206241   -7.4119139   -7.2902536
   1.2382812   -71.299515  -0.11399612  -0.34555814   -7.6206584   -7.4035616   -7.2930932
   1.2421875   -71.293404  -0.12356683  -0.35015106   -7.6207781   -7.3998461   -7.3060045
   1.2460938   -71.286469  -0.13094789  -0.34843907   -7.6208482   -7.4040189    -7.308629
        1.25   -71.278717  -0.13912831  -0.34174246   -7.6205754   -7.4147201   -7.3015604
   1.2539062   -71.271049  -0.14955507  -0.33737713   -7.6201963   -7.4233365   -7.3008518
   1.2578125   -71.263885  -0.16151021  -0.34114715   -7.6202354   -7.4204412    -7.306375
   1.2617188   -71.256401  -0.17300771  -0.35043243    -7.620697   -7.4070821   -7.3042097
    1.265625   -71.247643  -0.18258579  -0.35685647   -7.6210103    -7.395175   -7.2956629
   1.2695312    -71.23777  -0.18983829  -0.35675657   -7.6209288   -7.3943663   -7.2961421
   1.2734375   -71.227585  -0.19571921  -0.35345575   -7.6208396   -7.4026704   -7.3062248
   1.2773438   -71.217468  -0.20270406  -0.34937298    -7.621057   -7.4115114   -7.3098283
     1.28125   -71.207268  -0.21284524  -0.34523574   -7.6213236   -7.4151678   -7.3024616
   1.2851562   -71.196808  -0.22487833   -0.3450101   -7.6214499   -7.4127264   -7.2971025
   1.2890625   -71.185905  -0.23545836  -0.35148105   -7.6215353   -7.4056015   -7.2997756
   1.2929688   -71.174614  -0.24263409  -0.35913667   -7.6215653   -7.3976779   -7.3020706
    1.296875   -71.163231  -0.24762823  -0.35955116   -7.6214232   -7.3951678   -7.3007121
   1.3007812   -71.151924  -0.25340638  -0.35212243   -7.6212993      -7.4013   -7.3025823
   1.3046875    -71.14061  -0.26234961  -0.34420446   -7.6215129   -7.4109402   -7.3070292
   1.3085938   -71.129204  -0.27414033  -0.34224829    -7.621985   -7.4141669   -7.3045163
      1.3125   -71.117332  -0.28567579   -0.3457948   -7.6221991   -7.4071312   -7.2964263
   1.3164062   -71.104568  -0.29343855   -0.3500846   -7.6219778   -7.3969789   -7.2955809
   1.3203125   -71.091057  -0.29665777  -0.35245118    -7.621737   -7.3934331   -7.3034072
   1.3242188   -71.077263   -0.2974405  -0.35254675   -7.6217847    -7.398078    -7.306272
    1.328125   -71.063675  -0.29935986  -0.34850177    -7.621871   -7.4051147   -7.2995615
   1.3320312   -71.050652  -0.30565047  -0.34049487   -7.6217804   -7.4092784   -7.2958932
   1.3359375   -71.037766  -0.31642482  -0.33544302   -7.6217828   -7.4089642     -7.30197
   1.3398438   -71.024139  -0.32746646  -0.33885118   -7.6220412    -7.404047   -7.3067579
     1.34375   -71.009781  -0.33335552  -0.34578785   -7.6222944    -7.396615   -7.3022962
   1.3476562   -70.995667  -0.33218136  -0.34837204   -7.6222701   -7.3930788   -7.2976623
   1.3515625   -70.981934  -0.32759845  -0.34588468   -7.6220827   -7.3985143   -7.3012872
   1.3554688    -70.96772   -0.3263461  -0.34189212   -7.6219182    -7.408433   -7.3057446
    1.359375   -70.952827  -0.33242804  -0.33856758   -7.6218081   -7.4120226   -7.3025565
   1.3632812    -70.93808  -0.34359542  -0.33729777   -7.6217146   -7.4051366   -7.2978792
   1.3671875   -70.923759  -0.35344648  -0.33966872    -7.621757   -7.3952122   -7.3000145
   1.3710938   -70.909103  -0.35656503  -0.34499428    -7.622015   -7.3918915   -7.3040342
       1.375   -70.893913  -0.35232344  -0.34904218   -7.6222334   -7.3968067    -7.302155
   1.3789062   -70.879158  -0.34564528  -0.34757078   -7.6221433   -7.4043174   -7.2983918
   1.3828125   -70.865128  -0.34341106  -0.34136423     -7.62185   -7.4083176   -7.2998781
   1.3867188   -70.850594  -0.34909683  -0.33621502    -7.621645   -7.4059005   -7.3027573
    1.390625   -70.834717  -0.35986909  -0.33633378   -7.6215849   -7.3981218   -7.3006215
   1.3945312   -70.818542  -0.36882409  -0.34031841   -7.6215668   -7.3898377    -7.298614
   1.3984375   -70.803596   -0.3704164  -0.34469831   -7.6216598   -7.3874226   -7.3034945
   1.4023438   -70.789551  -0.36461321  -0.34658933   -7.6220098   -7.3929901   -7.3080869
     1.40625   -70.774788  -0.35704947  -0.34377882   -7.6224732   -7.4011941   -7.3027024
   1.4101562   -70.758736  -0.35459402  -0.33763307   -7.6227198   -7.4043541   -7.2942219
   1.4140625   -70.742386  -0.35970858  -0.33352149   -7.6227202   -7.4004593   -7.2955189
   1.4179688   -70.726677  -0.36816397  -0.33448479   -7.6225796   -7.3942285   -7.3024902
    1.421875   -70.711601  -0.37272626  -0.33831969   -7.6223946   -7.3908253   -7.3020754
   1.4257812   -70.696655  -0.36897153  -0.34233585   -7.6223402   -7.3912644   -7.2971058
   1.4296875   -70.681595  -0.35900581  -0.34504873   -7.6224623   -7.3939514   -7.3003106
   1.4335938   -70.666557  -0.34935582  -0.34388879   -7.6225352    -7.397563   -7.3078766
      1.4375   -70.651558  -0.34572035  -0.33869106   -7.6224594   -7.4002662   -7.3044443
   1.4414062   -70.636345  -0.34870026  -0.33526579   -7.6224446   -7.3991356   -7.2932692
   1.4453125   -70.621056  -0.35397476   -0.3387509   -7.6224847   -7.3936944   -7.2937298
   1.4492188   -70.606155  -0.35497671    -0.346293   -7.6222963   -7.3888493   -7.3064342
    1.453125   -70.591713  -0.34773013  -0.35147363   -7.6220107   -7.3905649   -7.3100281
   1.4570312   -70.577278  -0.33460745  -0.35229903   -7.6220455   -7.3977823    -7.298748
   1.4609375   -70.562569  -0.32325113  -0.35067204    -7.622292   -7.4021769   -7.2928872
   1.4648438   -70.547752  -0.31997332  -0.34818116   -7.6223235   -7.3980355   -7.3021083
     1.46875    -70.53315  -0.32403499  -0.34646434   -7.6221552   -7.3898611   -7.3087354
   1.4726562   -70.518837  -0.32850218  -0.34883907   -7.6221051   -7.3868546   -7.3015351
   1.4765625   -70.504555  -0.32642269  -0.35677934    -7.622118   -7.3913193   -7.2960763
   1.4804688   -70.490128  -0.31644017  -0.36526901   -7.6219802    -7.396915   -7.3038187
    1.484375   -70.475677  -0.30324048  -0.36671084   -7.6218696   -7.3979082   -7.3094382
   1.4882812   -70.461479  -0.29363361  -0.36093861   -7.6220951   -7.3945017   -7.3003049
   1.4921875   -70.447624  -0.29114121  -0.35646713   -7.6224976   -7.3896174     -7.29213
   1.4960938   -70.433952  -0.29380319  -0.35917124   -7.6225576   -7.3864303    -7.300498
         1.5   -70.420403  -0.29590067  -0.36563304   -7.6221962   -7.3882442   -7.3113141
   1.5039062    -70.40699  -0.29198137  -0.37100071   -7.6219277   -7.3950472   -7.3063478
   1.5078125   -70.393372  -0.28067583  -0.37494224   -7.6221142   -7.4009166   -7.2959299
   1.5117188   -70.379303  -0.26672503  -0.37651947   -7.6225066   -7.3995695   -7.2982779
    1.515625   -70.365585  -0.25730592  -0.37288159    -7.622704   -7.3921056   -7.3064251
   1.5195312   -70.353027  -0.25534442  -0.36663345   -7.6226797   -7.3856101   -7.3041916
   1.5234375    -70.34082  -0.25681818  -0.36619467   -7.6225815   -7.3852892   -7.2973866
   1.5273438   -70.327522  -0.25510859  -0.37471199   -7.6223769   -7.3902674    -7.300837
     1.53125   -70.313286  -0.24699846  -0.38476333   -7.6220851   -7.3957086   -7.3090391
   1.5351562   -70.299377  -0.23416801  -0.38773963   -7.6219702   -7.3976216   -7.3063469
   1.5390625   -70.286255  -0.22100419   -0.3837983   -7.6220894    -7.395103   -7.2958832
   1.5429688   -70.273499   -0.2119562  -0.37911728   -7.6222053   -7.3894787   -7.2939858
    1.546875   -70.261002  -0.20919989  -0.37724519   -7.6222124   -7.3840942   -7.3021245
   1.5507812    -70.24868  -0.20981845  -0.37787628   -7.6221805   -7.3836513     -7.30689
   1.5546875   -70.235909  -0.20672566  -0.38155803   -7.6222439   -7.3899708   -7.3038783
   1.5585938   -70.222359  -0.19491628  -0.38893393   -7.6224585   -7.3984261   -7.3011069
      1.5625   -70.208801   -0.1776312  -0.39544255    -7.622705   -7.4011455   -7.3013659
   1.5664062   -70.196449  -0.16391908  -0.39392149   -7.6226811    -7.395052   -7.2997556
   1.5703125   -70.185349  -0.15939496  -0.38513741   -7.6223483   -7.3855867   -7.2972226
   1.5742188    -70.17424  -0.16078115  -0.37924057   -7.6221576   -7.3815188   -7.2997279
    1.578125   -70.162132  -0.16046479  -0.38288572   -7.6224289   -7.3864446   -7.3048553
   1.5820312   -70.149544  -0.15339862  -0.39124137   -7.6228499   -7.3956094   -7.3048954
   1.5859375   -70.137558  -0.13914251  -0.39622325   -7.6230655   -7.4013796   -7.3009629
   1.5898438   -70.126442   -0.1217332  -0.39598292   -7.6231613   -7.4004464   -7.3000493
     1.59375   -70.115631  -0.10858715  -0.39269477   -7.6231608   -7.3944674   -7.3021026
   1.5976562   -70.104752  -0.10541682  -0.38736048   -7.6228976   -7.3869753   -7.3022666
   1.6015625   -70.093979  -0.10978182  -0.38140169   -7.6225958   -7.3824816    -7.300992
   1.6054688   -70.083656  -0.11237677    -0.379594   -7.6226401   -7.3851075   -7.3011141
    1.609375   -70.073929  -0.10532378  -0.38551301   -7.6228299   -7.3939161   -7.3010316
   1.6132812   -70.064796 -0.089119658  -0.39409319   -7.6227994   -7.4011359   -7.3000269
   1.6171875   -70.055984 -0.071217157  -0.39523801   -7.6227279   -7.3996863   -7.3018379
   1.6210938   -70.047371 -0.059756916  -0.38692817   -7.6229038   -7.3918862   -7.3055754
       1.625   -70.039169 -0.057979617  -0.37780094    -7.623106   -7.3862462   -7.3040795
   1.6289062   -70.031723 -0.062160622   -0.3746466   -7.6230855   -7.3868222   -7.2975111
   1.6328125   -70.025002 -0.063505024  -0.37590027   -7.6229458   -7.3905411   -7.2960753
   1.6367188   -70.018799 -0.054880496  -0.37883514   -7.6229558   -7.3937931    -7.302424
    1.640625   -70.013184 -0.037538979  -0.38262531   -7.6230683   -7.3961949   -7.3056483
   1.6445312   -70.008202 -0.020560337  -0.38335994   -7.6230421   -7.3969727   -7.3010068
   1.6484375   -70.003716 -0.012452072    -0.376728   -7.6227841   -7.3939071   -7.2988119
   1.6523438    -69.99955   -0.0138629  -0.36635053   -7.6225982   -7.3890915   -7.3039503
     1.65625   -69.995758 -0.018609719  -0.36123061   -7.6227794   -7.3891945   -7.3054819
   1.6601562   -69.992577 -0.019113598  -0.36456439   -7.6230483   -7.3959503   -7.2983179
   1.6640625   -69.990074  -0.01101556  -0.37074286   -7.6228991   -7.4018579   -7.2957077
   1.6679688   -69.988129 0.0044204881  -0.37307253   -7.6224737   -7.3999047   -7.3051138
    1.671875   -69.986862  0.019905224  -0.37001327   -7.6224165   -7.3933449   -7.3112226
   1.6757812   -69.986412  0.026891315  -0.36352429   -7.6226683   -7.3901663   -7.3017344
   1.6796875   -69.986549  0.023014041  -0.35579252    -7.622612   -7.3912668   -7.2909799
   1.6835938   -69.987015  0.015074281  -0.35003319   -7.6223149    -7.391748   -7.2960711
      1.6875    -69.98777  0.013191552   -0.3500779   -7.6223841   -7.3913083   -7.3074083
   1.6914062   -69.988846  0.022248464  -0.35532421   -7.6227636    -7.394083     -7.30688
   1.6953125   -69.990234  0.038383234  -0.35939443   -7.6228304   -7.3988523   -7.2994618
   1.6992188   -69.991753  0.052420858  -0.35692379    -7.622613   -7.3987913   -7.3008928
    1.703125    -69.99324  0.056771278  -0.34958851   -7.6226454   -7.3928308   -7.3074665
   1.7070312   -69.995041   0.05145644  -0.34298116   -7.6229558   -7.3887496   -7.3047881
   1.7109375   -69.997841  0.044015195   -0.3404724   -7.6230145   -7.3918815   -7.2960682
   1.7148438   -70.001747  0.043143708  -0.34280211   -7.6228089   -7.3974543   -7.2963247
     1.71875    -70.00605  0.052072234  -0.34853819    -7.622735   -7.3982792     -7.30513
   1.7226562   -70.010284  0.066532008  -0.35257292   -7.6228848   -7.3949041   -7.3083487
   1.7265625   -70.014816  0.078051679  -0.34973192   -7.6230335   -7.3928661    -7.303165
   1.7304688   -70.020065  0.079931967  -0.34140503   -7.6230798   -7.3938723   -7.2999377
    1.734375   -70.025749  0.072346777  -0.33398667   -7.6230965   -7.3955202   -7.3018136
   1.7382812   -70.031479  0.062870555  -0.33126333   -7.6230907   -7.3969245   -7.3025274
   1.7421875   -70.037689  0.061005205  -0.33288053   -7.6230531    -7.399097   -7.3018103
   1.7460938   -70.044807  0.069792718  -0.33710369    -7.623075   -7.4011521   -7.3048215
        1.75    -70.05233  0.082683437  -0.34017649   -7.6232123   -7.4005017   -7.3086114
   1.7539062   -70.059608  0.089562662  -0.33715346   -7.6231918   -7.3972683   -7.3058529
   1.7578125   -70.066841  0.085691422  -0.32745922   -7.6228194    -7.394784   -7.2994447
   1.7617188   -70.074577  0.074800864  -0.31748396   -7.6224046   -7.3950667   -7.2981153
    1.765625   -70.082802  0.065211691  -0.31498072   -7.6223187   -7.3967781   -7.3016348
   1.7695312   -70.091316   0.06353277  -0.32056284   -7.6224265   -7.3982248   -7.3041859
   1.7734375   -70.100281  0.069680475  -0.32687855   -7.6225557   -7.4000134   -7.3061566
   1.7773438   -70.109871  0.076994523  -0.32764831   -7.6228213   -7.4030576   -7.3093781
     1.78125   -70.119873  0.077874839  -0.32377183   -7.6231709   -7.4054446   -7.3084836
   1.7851562   -70.129974  0.070323251  -0.31797656    -7.623271   -7.4042554   -7.3012738
   1.7890625   -70.139908   0.05901834   -0.3114467   -7.6230507   -7.4003348   -7.2981515
   1.7929688   -70.149529  0.051377773  -0.30897152   -7.6228023   -7.3981667   -7.3053474
    1.796875   -70.159332  0.051680833  -0.31570742   -7.6227522   -7.4001226   -7.3109746
   1.8007812   -70.170242  0.057751656  -0.32607681   -7.6228909   -7.4031076   -7.3048544
   1.8046875   -70.182419   0.06282308  -0.32817858   -7.6230502    -7.402813   -7.2976747
   1.8085938   -70.194748  0.061432127  -0.32049581   -7.6230421    -7.399848   -7.3015566
      1.8125   -70.206116  0.052860383  -0.31258222   -7.6228018   -7.3985453   -7.3074951
   1.8164062    -70.21682  0.041280095   -0.3100625   -7.6224875   -7.4000621   -7.3036032
   1.8203125   -70.228012  0.033694055   -0.3108249   -7.6222959   -7.4007888   -7.2993379
   1.8242188   -70.240082  0.034757823  -0.31393155   -7.6222939   -7.3988185   -7.3068748
    1.828125   -70.252388   0.04128895  -0.32061058   -7.6223726   -7.3979945   -7.3145952
   1.8320312   -70.264595  0.044480275  -0.32645065   -7.6224356   -7.4018211   -7.3068295
   1.8359375    -70.27697  0.038018078  -0.32295197   -7.6225514   -7.4068799   -7.2950873
   1.8398438    -70.28952  0.023335189  -0.31109703   -7.6227007   -7.4072881   -7.2991352
     1.84375    -70.30201 0.0079054926   -0.3037169   -7.6226559   -7.4035325   -7.3107901
   1.8476562   -70.314636 -0.00076348759  -0.30803755   -7.6223946   -7.4013906   -7.3092365
   1.8515625   -70.327942 -0.00057223672  -0.31641114   -7.6222715   -7.4027143   -7.2995682
   1.8554688   -70.341736 0.0039654104  -0.32024476   -7.6224208   -7.4034867   -7.3013105
    1.859375   -70.354919 0.0048232139  -0.32028633   -7.6224937   -7.4014063   -7.3100729
   1.8632812   -70.367134 -0.0039862138  -0.31774327   -7.6222649   -7.3994803   -7.3068161
   1.8671875   -70.379547 -0.021165568  -0.31024256   -7.6220269   -7.4002643   -7.2961426
   1.8710938   -70.392952  -0.03810605  -0.30215675   -7.6220727   -7.4017129   -7.2987423
       1.875   -70.406532 -0.045593202  -0.30358902   -7.6221957   -7.4018116   -7.3117552
   1.8789062   -70.419357 -0.042059701  -0.31446031   -7.6220999   -7.4024286   -7.3129191
   1.8828125   -70.432106 -0.035246816  -0.32273811   -7.6218472   -7.4046187   -7.3010087
   1.8867188   -70.445885 -0.035623629  -0.32095557   -7.6216846   -7.4052677   -7.2968092
    1.890625    -70.46006 -0.047499496    -0.313584   -7.6216683      -7.4031    -7.304801
   1.8945312   -70.473198 -0.066000417   -0.3074691    -7.621727   -7.4026628   -7.3083644
   1.8984375   -70.485451 -0.081552543  -0.30468306   -7.6218395   -7.4070578   -7.3038459
   1.9023438   -70.498077 -0.087618195  -0.30546653   -7.6220345   -7.4117169   -7.3055272
     1.90625   -70.511337   -0.0850076  -0.31023261   -7.6222782   -7.4110107   -7.3141193
   1.9101562   -70.524506 -0.080691494  -0.31588006   -7.6224098   -7.4066997   -7.3132138
   1.9140625   -70.537262 -0.083554074   -0.3159031   -7.6222768   -7.4041505   -7.3012905
   1.9179688   -70.550034 -0.098334037  -0.30834338    -7.622015   -7.4043593   -7.2963948
    1.921875   -70.562943  -0.12035336  -0.29950488   -7.6219044   -7.4046164   -7.3046432
   1.9257812   -70.575638  -0.13803542   -0.2962738    -7.621985   -7.4040699   -7.3116698
   1.9296875   -70.588097  -0.14341624  -0.29920539   -7.6220322   -7.4039989   -7.3093171
   1.9335938   -70.600807  -0.13896355  -0.30473226   -7.6219087   -7.4038968   -7.3059397
      1.9375   -70.613785  -0.13446504  -0.30844375   -7.6217875   -7.4022574    -7.306457
   1.9414062   -70.626297  -0.13881256   -0.3060779   -7.6219115   -7.4001303   -7.3052449
   1.9453125   -70.638107    -0.153896  -0.29777664   -7.6221538   -7.4000115   -7.3023753
   1.9492188   -70.649818  -0.17341602  -0.28992265   -7.6222386   -7.4019327   -7.3052521
    1.953125    -70.66188  -0.18732575  -0.28796887   -7.6221819   -7.4038172   -7.3115401
   1.9570312   -70.674004  -0.18950811  -0.29080734   -7.6221285    -7.405056   -7.3107467
   1.9609375   -70.685898   -0.1832044  -0.29428452   -7.6220388   -7.4066029   -7.3040462
   1.9648438   -70.697624  -0.17894384  -0.29520836   -7.6218443   -7.4079952   -7.3028493
     1.96875    -70.70919  -0.18557294  -0.29129091   -7.6216116      -7.4073   -7.3075776
   1.9726562   -70.720497  -0.20297386  -0.28309613   -7.6215234   -7.4047031   -7.3080373
   1.9765625   -70.731667  -0.22292897  -0.27577358   -7.6217151   -7.4031677   -7.3041453
   1.9804688   -70.742989  -0.23626173  -0.27407083   -7.6220465   -7.4047942   -7.3052645
    1.984375   -70.754425  -0.23914491  -0.27701434   -7.6221633   -7.4081025   -7.3098416
   1.9882812   -70.765556  -0.23528127   -0.2797322   -7.6219244   -7.4095197    -7.307312
   1.9921875   -70.776138  -0.23319407  -0.27849564   -7.6216197   -7.4075007   -7.3001051
   1.9960938    -70.78653  -0.24051011  -0.27347723   -7.6215625   -7.4039092    -7.301558