           0   -69.774178    2.2974339   0.28968385   -7.6660857   -4.7805543   -7.4617991
  0.00390625   -69.808449    2.3049612   0.29356903   -7.6662145   -4.7784195   -7.4651556
   0.0078125    -69.84304     2.302671   0.29956424   -7.6662226   -4.7751021     -7.46525
  0.01171875   -69.878441    2.2965796   0.30411059   -7.6660681   -4.7758694   -7.4602265
    0.015625   -69.913635    2.2945132   0.30439472   -7.6660089    -4.780828   -7.4592667
  0.01953125   -69.947632    2.3014266   0.30317122   -7.6660666   -4.7835202   -7.4650769
   0.0234375   -69.980911    2.3166664   0.30457675   -7.6659431   -4.7811604   -7.4684114
  0.02734375   -70.014488    2.3333826    0.3080059   -7.6657515   -4.7782159   -7.4651408
     0.03125   -70.048317    2.3424304   0.31098184   -7.6658416   -4.7779016   -7.4622841
  0.03515625   -70.081322    2.3403547   0.31409821   -7.6661253   -4.7774601   -7.4630594
   0.0390625   -70.113121    2.3336437   0.31773514   -7.6661677   -4.7746043   -7.4623122
  0.04296875    -70.14473    2.3331969   0.31867889   -7.6658726   -4.7728205   -7.4601202
    0.046875    -70.17688      2.34409   0.31588274   -7.6656566   -4.7762799   -7.4630723
  0.05078125   -70.208862    2.3616941   0.31437597   -7.6658168   -4.7822795   -7.4691072
   0.0546875   -70.239853    2.3771272   0.31797105   -7.6661263   -4.7837319   -7.4679499
  0.05859375   -70.270111    2.3842313   0.32274449   -7.6662254   -4.7788815   -7.4600649
      0.0625   -70.300072    2.3831165   0.32335711    -7.666131   -4.7734008   -7.4580798
  0.06640625    -70.32959    2.3799374   0.32159212   -7.6660457   -4.7720308   -7.4649911
   0.0703125   -70.358604    2.3832622   0.32195625   -7.6660447   -4.7733526   -7.4681783
  0.07421875   -70.387466    2.3972957   0.32320106   -7.6661272   -4.7748218   -7.4615312
    0.078125   -70.416313    2.4174836   0.32207695   -7.6662912   -4.7771082   -7.4568176
  0.08203125   -70.444649    2.4336367   0.32111856   -7.6663451   -4.7808442   -7.4627604
   0.0859375   -70.471817    2.4391222   0.32408184   -7.6661344   -4.7833276   -7.4688745
  0.08984375   -70.497803    2.4367712   0.32749152   -7.6658878   -4.7813349   -7.4640417
     0.09375   -70.523315    2.4357555   0.32529286   -7.6659212   -4.7762175   -7.4566913
  0.09765625   -70.548996    2.4433439   0.31953564   -7.6660757   -4.7728314   -7.4594402
   0.1015625     -70.5746    2.4596224   0.31817648   -7.6660881   -4.7735238   -7.4661503
  0.10546875   -70.599373    2.4782987   0.32246241   -7.6661053   -4.7759871   -7.4638724
    0.109375   -70.623116    2.4913237   0.32477471   -7.6662712   -4.7774396   -7.4572015
  0.11328125   -70.646141    2.4943533   0.32144243   -7.6663818   -4.7778153   -7.4590454
   0.1171875   -70.668457    2.4902015   0.31831875   -7.6661963   -4.7782035    -7.465766
  0.12109375   -70.689842    2.4878991   0.31929794   -7.6659622   -4.7780967   -7.4642148
       0.125   -70.710587    2.4959335   0.31935108   -7.6660361   -4.7762952   -7.4569912
  0.12890625   -70.731216     2.514308   0.31512398   -7.6662807   -4.7736254   -7.4575047
   0.1328125   -70.751595    2.5335405   0.31221545   -7.6663914   -4.7719431    -7.464293
  0.13671875   -70.770752    2.5428231   0.31471428   -7.6663556   -4.7715206   -7.4635196
    0.140625   -70.788223    2.5395601    0.3173039   -7.6662312   -4.7711635   -7.4552097
  0.14453125   -70.805016     2.531528   0.31442353   -7.6660423   -4.7710714   -7.4536238
   0.1484375   -70.822166    2.5302048   0.30930197   -7.6659503   -4.7733092   -7.4615231
  0.15234375   -70.839287    2.5413442   0.30771673   -7.6661906   -4.7780933    -7.466548
     0.15625   -70.855293    2.5605741   0.30852258   -7.6665697   -4.7823067   -7.4638538
  0.16015625   -70.869965    2.5770733   0.30711395   -7.6665773   -4.7828407   -7.4615188
   0.1640625   -70.883957    2.5824609   0.30411023   -7.6661606   -4.7794213   -7.4620452
  0.16796875   -70.897675    2.5770855   0.30328947    -7.665844   -4.7735839   -7.4588695
    0.171875   -70.910728    2.5694942   0.30378029   -7.6658735   -4.7674112   -7.4534779
  0.17578125   -70.922722    2.5695722   0.30110461   -7.6660123   -4.7644043   -7.4554987
   0.1796875   -70.933907    2.5814402   0.29534552   -7.6661096   -4.7686958   -7.4634218
  0.18359375   -70.944473    2.6000898   0.29150116   -7.6662097   -4.7792835   -7.4656477
      0.1875   -70.954247    2.6148019    0.2909767    -7.666326   -4.7875376   -7.4615817
  0.19140625   -70.963295     2.617214   0.28975815   -7.6664705   -4.7860661   -7.4612498
   0.1953125   -70.972153    2.6083434    0.2858794   -7.6666479   -4.7777829   -7.4643459
  0.19921875   -70.980782        2.598   0.28199103   -7.6667333   -4.7710562    -7.460988
    0.203125   -70.988678    2.5971615     0.279486   -7.6666317   -4.7687383   -7.4537239
  0.20703125   -70.995743    2.6087523   0.27641255   -7.6664834   -4.7684155   -7.4558277
   0.2109375   -71.002419    2.6252844   0.27215058   -7.6664371   -4.7705083   -7.4661479
  0.21484375    -71.00872    2.6356368   0.26872632   -7.6664147   -4.7772241   -7.4691124
     0.21875   -71.014305    2.6340649   0.26719686   -7.6663113   -4.7845545   -7.4619198
  0.22265625   -71.019295    2.6233854   0.26607874   -7.6662941   -4.7840276   -7.4583673
   0.2265625    -71.02404    2.6121547   0.26352572   -7.6664453   -4.7741752   -7.4624219
  0.23046875   -71.028267     2.609128   0.25992692   -7.6665702   -4.7641649   -7.4621682
    0.234375   -71.031555    2.6168125   0.25703707   -7.6665354    -4.763082   -7.4552736
  0.23828125   -71.034218     2.628468   0.25493112   -7.6665211   -4.7698264   -7.4555812
   0.2421875   -71.036659    2.6331308   0.25199434   -7.6666493   -4.7770081   -7.4662261
  0.24609375   -71.038589     2.625587   0.24836765   -7.6667113   -4.7800741   -7.4709435
        0.25   -71.039688    2.6107943   0.24608186   -7.6666069   -4.7789059   -7.4623294
  0.25390625   -71.040359     2.598578   0.24475342   -7.6665854   -4.7746768   -7.4552741
   0.2578125   -71.041023    2.5947716   0.24189162   -7.6667485   -4.7692904   -7.4604492
  0.26171875   -71.041245    2.5973132   0.23762703   -7.6668754   -4.7668347   -7.4665613
    0.265625   -71.040627    2.5995421   0.23428957   -7.6668634   -4.7703829    -7.462779
  0.26953125   -71.039581    2.5959489   0.23270622   -7.6668091   -4.7768846   -7.4577627
   0.2734375   -71.038483    2.5851636   0.23211516   -7.6667466   -4.7789979    -7.461091
  0.27734375   -71.036919    2.5701439   0.23144372   -7.6667871   -4.7734513   -7.4653525
     0.28125   -71.034309    2.5566807   0.22948767   -7.6670842   -4.7655172     -7.46209
  0.28515625   -71.030876    2.5495472   0.22641431   -7.6673713   -4.7626662   -7.4580817
   0.2890625   -71.027565    2.5483987    0.2240559    -7.667284   -4.7658291   -7.4609504
  0.29296875   -71.024704     2.547365    0.2222023   -7.6670871   -4.7699704   -7.4643083
    0.296875   -71.021439    2.5398738   0.21868671   -7.6671796   -4.7714629   -7.4611602
  0.30078125   -71.017075    2.5243583    0.2146111   -7.6672611   -4.7708893   -7.4574537
   0.3046875   -71.012062    2.5057328   0.21320599   -7.6669564   -4.7694821   -7.4599566
  0.30859375   -71.007355    2.4904785   0.21336636    -7.666616   -4.7668667   -7.4637709
      0.3125   -71.003242     2.480823   0.21110338   -7.6667366   -4.7642426   -7.4623342
  0.31640625   -70.999138    2.4736903   0.20700762   -7.6670685   -4.7655849   -7.4591742
   0.3203125    -70.99437    2.4641197   0.20553225   -7.6671166   -4.7712402   -7.4601531
  0.32421875   -70.989029    2.4487925   0.20728388   -7.6669426   -4.7745872   -7.4622593
    0.328125    -70.98362    2.4279585   0.20826802    -7.666851   -4.7703996   -7.4603653
  0.33203125   -70.978302     2.405628   0.20693365   -7.6667781   -4.7632918   -7.4576588
   0.3359375   -70.972916     2.387037   0.20603013   -7.6666117   -4.7620034   -7.4592915
  0.33984375   -70.967384    2.3747931   0.20648848   -7.6666751   -4.7673254   -7.4622164
     0.34375     -70.9618    2.3665369   0.20515853   -7.6671457   -4.7719622   -7.4609923
  0.34765625   -70.956207    2.3561306   0.20071508   -7.6674986   -4.7711592   -7.4582663
   0.3515625   -70.950546    2.3381393   0.19658221   -7.6671791   -4.7674518   -7.4595594
  0.35546875   -70.945084    2.3131697   0.19559595   -7.6666274   -4.7650447   -7.4624867
    0.359375   -70.940285    2.2874842   0.19604562   -7.6666827   -4.7643247   -7.4614186
  0.36328125   -70.936119    2.2670758    0.1953422   -7.6672015    -4.763463   -7.4583187
   0.3671875     -70.9319    2.2521391   0.19392383   -7.6673613   -4.7624054   -7.4588928
  0.37109375   -70.927277    2.2375522   0.19350049   -7.6669903   -4.7621856   -7.4616795
       0.375   -70.922546    2.2180166   0.19368449   -7.6667285   -4.7618761   -7.4609094
  0.37890625   -70.917976    2.1931427   0.19262901   -7.6669335   -4.7602162    -7.457603
   0.3828125   -70.913673     2.166816   0.19067472   -7.6672583   -4.7592158   -7.4576278
  0.38671875   -70.909821    2.1431105   0.19006963   -7.6673212   -4.7621751   -7.4607863
    0.390625   -70.906425    2.1238987   0.19066167   -7.6672211   -4.7677588   -7.4618268
  0.39453125    -70.90287    2.1082513   0.18946765   -7.6672225   -4.7702456    -7.460258
   0.3984375   -70.898743    2.0919037      0.18511   -7.6673656   -4.7668018     -7.45998
  0.40234375   -70.894737    2.0692887   0.18036187   -7.6674738   -4.7607064   -7.4611416
     0.40625   -70.891975    2.0387208   0.17920399   -7.6674466   -4.7568197   -7.4607592
  0.41015625   -70.890259    2.0052197   0.18179677   -7.6673045   -4.7567024   -7.4596977
   0.4140625   -70.888367      1.97681   0.18438239    -7.667171   -4.7595577   -7.4608474
  0.41796875    -70.88575     1.956933   0.18457983   -7.6671309   -4.7647552   -7.4622412
    0.421875   -70.883087    1.9417791   0.18371567   -7.6671734   -4.7702675   -7.4602709
  0.42578125    -70.88089    1.9242543   0.18234123   -7.6672978    -4.770853   -7.4576354
   0.4296875    -70.87886    1.8999803   0.17868641   -7.6675067   -4.7629495   -7.4592915
  0.43359375   -70.876854    1.8694705   0.17428899   -7.6676092   -4.7513218    -7.462523
      0.4375    -70.87516    1.8369973   0.17430466   -7.6673675   -4.7457342   -7.4610357
  0.44140625   -70.873657    1.8076004   0.17913064   -7.6670208    -4.750217   -7.4572597
   0.4453125   -70.871735    1.7842561   0.18254691    -7.666976   -4.7598238   -7.4591565
  0.44921875   -70.869453    1.7650555   0.18072425   -7.6671462   -4.7680693   -7.4655323
    0.453125   -70.867691    1.7445555   0.17677628   -7.6671152   -4.7717309   -7.4672122
  0.45703125   -70.866768     1.718706   0.17460735   -7.6669235   -4.7687879   -7.4623842
   0.4609375   -70.865799    1.6885773   0.17396006   -7.6669579   -4.7590389   -7.4580612
  0.46484375   -70.864037    1.6588818   0.17323634   -7.6671958   -4.7485414   -7.4570365
     0.46875   -70.861992    1.6341428   0.17328973   -7.6671824   -4.7465696   -7.4562607
  0.47265625   -70.860329    1.6148896   0.17534623   -7.6669488   -4.7545214   -7.4571505
   0.4765625   -70.858803    1.5972224   0.17662451   -7.6671343   -4.7632322   -7.4635768
  0.48046875   -70.857071    1.5759602   0.17339678    -7.667737   -4.7639966   -7.4703841
    0.484375   -70.855522     1.548771   0.16797487   -7.6679053   -4.7577562   -7.4679971
  0.48828125   -70.854187     1.518451   0.16623688   -7.6675501    -4.751164   -7.4583321
   0.4921875   -70.852219    1.4910486   0.16843861   -7.6674585   -4.7482619   -7.4531002
  0.49609375   -70.849525    1.4701338   0.16924067    -7.667767   -4.7490282   -7.4561648
         0.5   -70.847137    1.4533434   0.16675422   -7.6678939   -4.7526908   -7.4602933
  0.50390625   -70.845284    1.4354193   0.16461256   -7.6678691   -4.7575765   -7.4613314
   0.5078125   -70.842728    1.4133809   0.16463776   -7.6681328   -4.7593617   -7.4622688
  0.51171875   -70.838753    1.3879141   0.16403291   -7.6684766   -4.7549109   -7.4629245
    0.515625   -70.834221    1.3613162   0.16154508   -7.6684194    -4.747673   -7.4591975
  0.51953125   -70.829948     1.336012   0.16064978   -7.6681557   -4.7452025   -7.4535036
   0.5234375   -70.825562    1.3143905   0.16324335   -7.6680746   -4.7504544     -7.45366
  0.52734375   -70.820282    1.2972838   0.16473641   -7.6681023   -4.7582679   -7.4598508
     0.53125   -70.814011    1.2822651   0.16051821   -7.6681247   -4.7616148   -7.4636087
  0.53515625   -70.807274    1.2651634   0.15414344   -7.6682878   -4.7585235   -7.4609084
   0.5390625   -70.800652    1.2442865   0.15259005     -7.66852   -4.7520847     -7.45645
  0.54296875   -70.794243    1.2217145   0.15560344   -7.6684403   -4.7462034   -7.4546037
    0.546875   -70.787437    1.2006023   0.15767692   -7.6680746   -4.7437005   -7.4546208
  0.55078125   -70.779694    1.1818963   0.15761571   -7.6679797   -4.7471275   -7.4553766
   0.5546875   -70.771301    1.1651633   0.15772127   -7.6683578   -4.7566657    -7.457593
  0.55859375   -70.762856    1.1500766   0.15710723   -7.6687651   -4.7662034   -7.4600596
      0.5625   -70.754349    1.1354529   0.15364501   -7.6689034   -4.7662458   -7.4596596
  0.56640625   -70.745384    1.1189916   0.14965971   -7.6689467   -4.7544546   -7.4564953
   0.5703125   -70.735748    1.1009482   0.14943881   -7.6689229   -4.7405963   -7.4539289
  0.57421875   -70.725723    1.0851479   0.15297383   -7.6686358   -4.7367606   -7.4536076
    0.578125   -70.715622    1.0746474   0.15577376   -7.6682377    -4.743762   -7.4549131
  0.58203125    -70.70549    1.0674919   0.15404429   -7.6681466   -4.7525077   -7.4575109
   0.5859375    -70.69519    1.0587144   0.14925176   -7.6682801   -4.7568059   -7.4601607
  0.58984375   -70.684677    1.0458136   0.14637585   -7.6682711   -4.7580447    -7.460001
     0.59375    -70.67408    1.0308959   0.14710772   -7.6681643   -4.7573829   -7.4568644
  0.59765625   -70.663658    1.0174381   0.14905867    -7.668221   -4.7518892   -7.4545794
   0.6015625   -70.653397    1.0068339   0.15149696   -7.6683569   -4.7426953   -7.4550037
  0.60546875   -70.642761   0.99903429   0.15503177   -7.6682773   -4.7387247   -7.4558802
    0.609375   -70.631592   0.99382597   0.15635133   -7.6681347   -4.7453861   -7.4564562
  0.61328125   -70.620674   0.99004185   0.15188098   -7.6683273    -4.755085   -7.4586964
   0.6171875   -70.610641   0.98498785    0.1455674   -7.6687045   -4.7569284   -7.4614105
  0.62109375   -70.601196   0.97766978   0.14465539   -7.6686988   -4.7512884   -7.4601145
       0.625   -70.591751   0.97073817   0.14921907   -7.6683578   -4.7467055   -7.4550829
  0.62890625   -70.582298   0.96727246   0.15253063   -7.6683154   -4.7465901   -7.4524598
   0.6328125   -70.573402   0.96651447   0.15055677   -7.6687703   -4.7478294     -7.45503
  0.63671875   -70.565247   0.96485889   0.14628249   -7.6691699   -4.7492728   -7.4588761
    0.640625   -70.557526   0.96019113   0.14428225   -7.6691461   -4.7529302   -7.4604034
  0.64453125   -70.549927   0.95458746   0.14471698   -7.6689701   -4.7573242   -7.4595428
   0.6484375    -70.54261   0.95188099    0.1457255   -7.6689072   -4.7569509   -7.4565749
  0.65234375   -70.535797   0.95302773   0.14822598   -7.6689038   -4.7506294   -7.4527202
     0.65625   -70.529526   0.95615101   0.15257506   -7.6689787   -4.7450061   -7.4519787
  0.66015625   -70.523788   0.95977551   0.15406975   -7.6692419   -4.7459993   -7.4558973
   0.6640625   -70.518616   0.96342248   0.14920998   -7.6695695   -4.7508192   -7.4597526
  0.66796875   -70.513962   0.96595782   0.14264256    -7.669663    -4.752996   -7.4594707
    0.671875    -70.51001   0.96693259   0.14150015   -7.6694946   -4.7514596   -7.4570227
  0.67578125   -70.507065   0.96804899   0.14611953   -7.6693916   -4.7493892   -7.4549246
   0.6796875    -70.50518   0.97224575   0.15117235   -7.6696467   -4.7472239   -7.4523063
  0.68359375   -70.503716   0.98072457   0.15357342   -7.6700277   -4.7438998   -7.4503055
      0.6875   -70.502075   0.99172693   0.15445225   -7.6700706   -4.7427869   -7.4534693
  0.69140625   -70.500671     1.001814   0.15416498   -7.6697412   -4.7488542   -7.4605923
   0.6953125   -70.500397    1.0087277   0.15149815   -7.6695108   -4.7593951   -7.4624538
  0.69921875   -70.501366    1.0131241   0.14898121   -7.6695628   -4.7639775   -7.4556918
    0.703125   -70.502953    1.0185896   0.15202779   -7.6696625   -4.7562003   -7.4499178
  0.70703125   -70.504845    1.0288688    0.1601337   -7.6697788   -4.7425609   -7.4524393
   0.7109375   -70.507431    1.0443176    0.1654442   -7.6700788    -4.736351   -7.4564953
  0.71484375   -70.510948    1.0616368    0.1629688   -7.6703572   -4.7427588    -7.455092
     0.71875   -70.515129    1.0771189   0.15650611   -7.6703277   -4.7541161   -7.4540048
  0.72265625   -70.519768    1.0894156   0.15236762   -7.6700954   -4.7598257   -7.4585304
   0.7265625   -70.524704     1.099503   0.15265958   -7.6699171   -4.7569485   -7.4608579
  0.73046875   -70.529869    1.1100879   0.15647836   -7.6698365   -4.7493057    -7.454617
    0.734375   -70.535751    1.1243706   0.16227299   -7.6698055   -4.7413588   -7.4486542
  0.73828125   -70.543129    1.1437877   0.16702139   -7.6699085    -4.737431    -7.451798
   0.7421875   -70.551811    1.1660063    0.1668911    -7.670105   -4.7422962   -7.4572868
  0.74609375   -70.560867    1.1865853   0.16191667   -7.6701856   -4.7554049    -7.456367
        0.75   -70.570068    1.2028335   0.15787657   -7.6701102   -4.7665362   -7.4542298
  0.75390625    -70.58004    1.2161661   0.16008504    -7.670115   -4.7649693    -7.458106
   0.7578125   -70.590851    1.2307278   0.16754478   -7.6702523    -4.752727   -7.4613023
  0.76171875   -70.601921    1.2496394   0.17537448   -7.6701765   -4.7426944   -7.4546304
    0.765625   -70.613129    1.2723873   0.17954962    -7.669817   -4.7429962   -7.4452276
  0.76953125   -70.624939    1.2961388   0.17855822   -7.6696219   -4.7491841   -7.4471345
   0.7734375   -70.637627    1.3185384   0.17424981   -7.6699228   -4.7533326   -7.4580741
  0.77734375   -70.651154     1.338473   0.17165452   -7.6704326   -4.7543359   -7.4626226
     0.78125   -70.665596    1.3563559   0.17479157   -7.6705551   -4.7548957   -7.4561763
  0.78515625   -70.680786     1.374357   0.18236876   -7.6702476   -4.7534509   -7.4495664
   0.7890625    -70.69606    1.3955716   0.18967062   -7.6700206   -4.7477989   -7.4499002
  0.79296875   -70.711258    1.4211891   0.19298793   -7.6701894   -4.7432876   -7.4525552
    0.796875   -70.727364     1.449257   0.19170374   -7.6704888   -4.7475839   -7.4535027
  0.80078125   -70.744987    1.4756341   0.18839656   -7.6706333   -4.7579608   -7.4547815
   0.8046875   -70.763344     1.497718   0.18691672   -7.6706777   -4.7622185   -7.4557853
  0.80859375   -70.781517    1.5171818    0.1896846   -7.6707015    -4.754508   -7.4525518
      0.8125     -70.7995    1.5386801   0.19629847   -7.6706371   -4.7436132   -7.4478126
  0.81640625   -70.817825    1.5647601   0.20330265    -7.670495   -4.7417226   -7.4490967
   0.8203125   -70.836792    1.5938836   0.20623921   -7.6704202    -4.749805   -7.4551086
  0.82421875   -70.856323    1.6225395   0.20427376   -7.6704683   -4.7590876   -7.4569116
    0.828125   -70.876396    1.6485456   0.20140842   -7.6705523    -4.762495   -7.4537377
  0.83203125    -70.89695    1.6718093   0.20146066   -7.6707129   -4.7592292   -7.4534326
   0.8359375    -70.91774    1.6937618   0.20484471   -7.6710024   -4.7513237   -7.4566135
  0.83984375    -70.93869    1.7169018    0.2108849    -7.671216   -4.7425871   -7.4555211
     0.84375   -70.960037    1.7436582   0.21836373    -7.671123   -4.7397847   -7.4499221
  0.84765625   -70.981781    1.7736297   0.22337456   -7.6708651   -4.7466779   -7.4492359
   0.8515625   -71.003616    1.8026356   0.22225286   -7.6707096   -4.7570081   -7.4556994
  0.85546875   -71.025612    1.8269222   0.21810082   -7.6707826   -4.7602735    -7.459269
    0.859375   -71.048264    1.8479284   0.21852261   -7.6710954   -4.7545033   -7.4541764
  0.86328125   -71.071541    1.8708963   0.22567433   -7.6713982   -4.7481441   -7.4488611
   0.8671875   -71.094955     1.898353   0.23418517   -7.6713362   -4.7483277   -7.4523678
  0.87109375   -71.118347    1.9273312   0.23952137   -7.6710801   -4.7526598   -7.4595437
       0.875   -71.141891    1.9535761    0.2427128   -7.6710763     -4.75529   -7.4593744
  0.87890625   -71.165581    1.9766835   0.24498069   -7.6713133   -4.7550964   -7.4527969
   0.8828125   -71.189545    1.9992427   0.24436782   -7.6714053   -4.7534776   -7.4500093
  0.88671875   -71.214317    2.0226319   0.24229039   -7.6712241    -4.749619   -7.4528174
    0.890625   -71.239754    2.0464642   0.24580631   -7.6709619   -4.7441134   -7.4534955
  0.89453125     -71.2649    2.0712075   0.25716522   -7.6709108   -4.7432456   -7.4505658
   0.8984375    -71.28952    2.0975976   0.26764026   -7.6711898   -4.7512212   -7.4514184
  0.90234375   -71.314339    2.1235771    0.2685281   -7.6716008   -4.7602139   -7.4570637
     0.90625   -71.339661     2.145859   0.26381433   -7.6717634   -4.7579575   -7.4576745
  0.91015625   -71.365242    2.1644256   0.26378068   -7.6715865   -4.7448978   -7.4490952
   0.9140625   -71.391022    2.1834567   0.26985809   -7.6713777   -4.7352228   -7.4417868
  0.91796875   -71.417068    2.2063501   0.27599603   -7.6712747   -4.7393847   -7.4451909
    0.921875   -71.443283    2.2320812   0.28140959   -7.6712112   -4.7523847   -7.4533491
  0.92578125   -71.469383    2.2571971   0.28919595   -7.6712346   -4.7621098   -7.4558225
   0.9296875   -71.495262    2.2795396      0.29512   -7.6714249   -4.7626243   -7.4537048
  0.93359375   -71.521286    2.2981133   0.29231977   -7.6715837   -4.7554078   -7.4528313
      0.9375   -71.547913    2.3131475   0.28601158   -7.6715503   -4.7444706   -7.4503756
  0.94140625   -71.574921     2.327481   0.28885251   -7.6714826   -4.7362156   -7.4429574
   0.9453125   -71.601746     2.345181   0.30154535   -7.6714883   -4.7386212   -7.4395337
  0.94921875   -71.628464    2.3671594   0.31180513   -7.6714873   -4.7520628   -7.4492745
    0.953125   -71.655327    2.3900759   0.31333628   -7.6715078   -4.7642193   -7.4622273
  0.95703125   -71.681877    2.4095657   0.31224734   -7.6717052   -4.7627444   -7.4605289
   0.9609375   -71.707878    2.4237654    0.3132261   -7.6719427   -4.7505865   -7.4467444
  0.96484375    -71.73407    2.4340131   0.31348723   -7.6719136   -4.7412481   -7.4409308
     0.96875   -71.761055    2.4436877   0.31351587   -7.6716795   -4.7418709   -7.4490199
  0.97265625   -71.788338    2.4564292   0.31987193   -7.6716261   -4.7482429   -7.4559469
   0.9765625   -71.815079    2.4732647   0.33171132   -7.6718421   -4.7537522   -7.4535694
  0.98046875   -71.841347    2.4913347   0.33778599   -7.6720209   -4.7559218   -7.4523549
    0.984375   -71.867455    2.5062039   0.33321002   -7.6720119   -4.7544332   -7.4576054
  0.98828125   -71.893456    2.5160918   0.32721898   -7.6720772   -4.7493644   -7.4577246
   0.9921875   -71.919365    2.5228627   0.32844433    -7.672338   -4.7426448   -7.4477572
  0.99609375    -71.94548     2.529861   0.33400562   -7.6725483   -4.7392073   -7.4420261
           1   -71.971901    2.5391328   0.33865559   -7.6724496   -4.7439141   -7.4500632
   1.0039062   -71.998337     2.550689   0.34313512   -7.6722856   -4.7550654   -7.4601526
   1.0078125   -72.024429    2.5628588   0.34730941   -7.6724381   -4.7626061   -7.4598508
   1.0117188   -72.050064    2.5732641   0.34603444   -7.6727238    -4.757432   -7.4542913
    1.015625   -72.075256    2.5800989   0.33902124   -7.6726851     -4.74296   -7.4517298
   1.0195312   -72.100166    2.5836635   0.33522087   -7.6724081   -4.7328629   -7.4495993
   1.0234375   -72.124924    2.5862713   0.34018561   -7.6723413   -4.7354698   -7.4466076
   1.0273438   -72.149605    2.5901201   0.34807119   -7.6726189   -4.7451963   -7.4499536
     1.03125   -72.174187    2.5956085   0.35191801   -7.6729441   -4.7522511   -7.4588952
   1.0351562   -72.198616    2.6016152   0.35217452   -7.6731157   -4.7541914   -7.4596024
   1.0390625   -72.222839    2.6066365   0.35090172   -7.6731682   -4.7533288   -7.4484425
   1.0429688   -72.246696    2.6091654   0.34713653   -7.6731048   -4.7495356    -7.441433
    1.046875   -72.269989    2.6085048   0.34284475   -7.6728148   -4.7428336   -7.4475651
   1.0507812   -72.292847    2.6055064   0.34462446   -7.6725349   -4.7387519   -7.4536648
   1.0546875    -72.31543    2.6022763   0.35353869    -7.672524   -4.7428083    -7.450006
   1.0585938   -72.337631    2.6003711   0.36089998   -7.6726112   -4.7516847   -7.4480357
      1.0625   -72.359474    2.5999568   0.35976809    -7.672514   -4.7570114   -7.4562507
   1.0664062   -72.381142    2.5997717   0.35385939   -7.6723356   -4.7557745   -7.4608083
   1.0703125   -72.402626    2.5976753   0.35002339   -7.6723132   -4.7504363   -7.4498386
   1.0742188    -72.42379    2.5918078    0.3491281   -7.6724877   -4.7427983   -7.4375677
    1.078125   -72.444527    2.5827007   0.35034454   -7.6727519   -4.7363453   -7.4422379
   1.0820312   -72.464455    2.5730174   0.35538429   -7.6729245   -4.7386861   -7.4558554
   1.0859375   -72.483162    2.5650783    0.3613382   -7.6728358   -4.7508802   -7.4586763
   1.0898438    -72.50106    2.5592322   0.35971957   -7.6726017   -4.7600627   -7.4509172
     1.09375   -72.519043    2.5543444   0.34963053   -7.6725974   -4.7539306    -7.447186
   1.0976562    -72.53698    2.5485108   0.34149948   -7.6728024   -4.7383184   -7.4492068
   1.1015625   -72.553764    2.5395796   0.34185416   -7.6728339   -4.7302914   -7.4479032
   1.1054688   -72.569145    2.5267239    0.3454482   -7.6726794   -4.7363191   -7.4452572
    1.109375   -72.584213    2.5118392   0.34695762   -7.6726842   -4.7469754   -7.4498763
   1.1132812   -72.599464    2.4985385   0.34812266    -7.672925   -4.7525992   -7.4569449
   1.1171875   -72.613785     2.488554   0.34866124   -7.6731167   -4.7538095   -7.4548364
   1.1210938   -72.626358    2.4800103   0.34306201   -7.6730733    -4.754034   -7.4465399
       1.125   -72.637909    2.4697318   0.33268327   -7.6729536   -4.7506771   -7.4449039
   1.1289062     -72.6493    2.4564388   0.32863745   -7.6729388   -4.7412872   -7.4504948
   1.1328125   -72.660088    2.4405878   0.33520535   -7.6729445   -4.7332153   -7.4527068
   1.1367188   -72.669647    2.4230192   0.34190691   -7.6729012   -4.7369637   -7.4499607
    1.140625   -72.678215    2.4047596   0.33971277   -7.6729403   -4.7503514   -7.4500589
   1.1445312   -72.686028    2.3876193   0.33374566   -7.6731243   -4.7581773   -7.4527111
   1.1484375   -72.692795     2.373004   0.33100775   -7.6732788   -4.7510881   -7.4501381
   1.1523438   -72.698494    2.3596146   0.32806453   -7.6731963   -4.7381425   -7.4444919
     1.15625   -72.703751     2.343823   0.32234085   -7.6729627   -4.7346754   -7.4463401
   1.1601562   -72.708961    2.3234861   0.32173163   -7.6728506   -4.7424769   -7.4542351
   1.1640625   -72.713615    2.3003223   0.32998264   -7.6730375   -4.7501163   -7.4550467
   1.1679688   -72.716698    2.2776358   0.33547893   -7.6733551   -4.7502637   -7.4473519
    1.171875   -72.718193    2.2570918   0.32828945   -7.6734338   -4.7470403   -7.4442673
   1.1757812   -72.719269    2.2380261   0.31677654   -7.6732187   -4.7454605   -7.4493747
   1.1796875   -72.720551     2.219542   0.31357446   -7.6730285   -4.7441511   -7.4507933
   1.1835938   -72.721313    2.2009482   0.31656486   -7.6730351   -4.7423191   -7.4449306
      1.1875    -72.72094    2.1807492   0.31714177   -7.6731319   -4.7437201   -7.4443259
   1.1914062   -72.719826    2.1577342    0.3162761   -7.6732888   -4.7487836   -7.4530458
   1.1953125   -72.718384    2.1334372   0.31887308    -7.673574    -4.750699   -7.4564567
   1.1992188   -72.716171    2.1107771   0.32019648   -7.6737919    -4.745122   -7.4474378
    1.203125   -72.713028    2.0906863   0.31256297   -7.6736584   -4.7382545   -7.4412065
   1.2070312   -72.709724    2.0712438   0.30164155   -7.6732883   -4.7386527   -7.4487615
   1.2109375   -72.706718    2.0502231   0.30063868   -7.6731176   -4.7456274   -7.4562192
   1.2148438   -72.703163    2.0275154   0.30919966   -7.6732826    -4.751718   -7.4499669
     1.21875   -72.698303    2.0042763   0.31344137   -7.6734982   -4.7527971   -7.4423347
   1.2226562   -72.692543    1.9810091   0.30776957     -7.67346   -4.7505717   -7.4485002
   1.2265625   -72.686607    1.9579253   0.30126971   -7.6731896   -4.7475362   -7.4571104
   1.2304688    -72.68042    1.9359008   0.29986259   -7.6729169   -4.7444296   -7.4509425
    1.234375   -72.673477    1.9152298   0.29801244    -7.672833    -4.742835   -7.4400883
   1.2382812   -72.665779    1.8948523   0.29368299   -7.6729703   -4.7452335   -7.4446092
   1.2421875   -72.657982    1.8734787   0.29494762   -7.6731348   -4.7503452   -7.4570942
   1.2460938   -72.650299    1.8514386   0.30317473   -7.6731572    -4.752574   -7.4552827
        1.25   -72.642326    1.8302317   0.30605131   -7.6730304   -4.7487388   -7.4427714
   1.2539062   -72.634033    1.8103892   0.29725164   -7.6728773   -4.7429385   -7.4421349
   1.2578125   -72.625809    1.7909083   0.28769231   -7.6727567   -4.7419691   -7.4535642
   1.2617188   -72.617294     1.771109   0.28766513   -7.6726975   -4.7469978   -7.4560561
    1.265625   -72.607658    1.7510278   0.29208755   -7.6728463   -4.7527781    -7.447073
   1.2695312    -72.59713    1.7305919   0.29283795   -7.6731849   -4.7539492   -7.4455543
   1.2734375   -72.586624    1.7100064   0.29225984   -7.6733298   -4.7498078   -7.4539742
   1.2773438   -72.576355    1.6902947   0.29432541   -7.6731038   -4.7437167   -7.4531593
     1.28125   -72.565613    1.6722131   0.29414278   -7.6729331   -4.7395186    -7.440299
   1.2851562     -72.5541    1.6551169   0.28710073   -7.6731529   -4.7398143   -7.4369006
   1.2890625   -72.542297    1.6374549   0.28014585   -7.6733937   -4.7459607   -7.4501071
   1.2929688    -72.53038    1.6183281   0.28238979   -7.6731491   -4.7558131   -7.4589667
    1.296875    -72.51815    1.5986816   0.29003084   -7.6727338   -4.7618074   -7.4508281
   1.3007812    -72.50589    1.5805318   0.29259109   -7.6728058   -4.7567048   -7.4413161
   1.3046875   -72.493767    1.5651096   0.28909111   -7.6732459   -4.7435217   -7.4439969
   1.3085938   -72.481033    1.5515496   0.28560701   -7.6733756   -4.7352076   -7.4482059
      1.3125   -72.467155    1.5375428   0.28284812   -7.6730905   -4.7405491    -7.443327
   1.3164062   -72.452888    1.5211283   0.27895984   -7.6729465   -4.7541046   -7.4396968
   1.3203125   -72.439087    1.5023518   0.27796164   -7.6731272   -4.7635913   -7.4467096
   1.3242188   -72.425529    1.4836367   0.28298363   -7.6732578   -4.7631416   -7.4525814
    1.328125   -72.411491    1.4683105   0.28783351   -7.6730938   -4.7558408   -7.4458194
   1.3320312   -72.397125    1.4574535   0.28569472   -7.6729288   -4.7468266   -7.4371371
   1.3359375   -72.382851    1.4484762   0.27937001   -7.6730847   -4.7402592   -7.4399018
   1.3398438    -72.36824     1.437947   0.27506432   -7.6733174   -4.7414241   -7.4468174
     1.34375   -72.352768    1.4248544   0.27377319   -7.6732416   -4.7525291   -7.4458065
   1.3476562   -72.337212    1.4106709   0.27441752   -7.6730528   -4.7656317   -7.4420557
   1.3515625   -72.322502    1.3976331   0.27722985   -7.6731911   -4.7682986   -7.4445076
   1.3554688   -72.307892     1.387442   0.28023615   -7.6734433   -4.7583404   -7.4466977
    1.359375   -72.291924    1.3799996    0.2789551    -7.673358   -4.7465777    -7.441339
   1.3632812   -72.274841    1.3736519   0.27280056   -7.6731186   -4.7434745    -7.437654
   1.3671875   -72.258163    1.3664041   0.26760864   -7.6731687   -4.7487035   -7.4440174
   1.3710938   -72.242226    1.3571367   0.26800737   -7.6734147   -4.7553563   -7.4502325
       1.375   -72.225952    1.3465339   0.27091616   -7.6734176   -4.7589831   -7.4465928
   1.3789062   -72.208992    1.3372644   0.27174586   -7.6731734   -4.7588592   -7.4421692
   1.3828125   -72.192001    1.3315357   0.27159688   -7.6730428   -4.7555242   -7.4454732
   1.3867188   -72.175156    1.3289496   0.27144212   -7.6731234   -4.7513967    -7.447495
    1.390625   -72.157806    1.3272843   0.26712155   -7.6731119    -4.750946   -7.4421434
   1.3945312   -72.139954    1.3247726    0.2590276   -7.6729164   -4.7557988   -7.4411106
   1.3984375   -72.122284    1.3209656   0.25621441   -7.6727743   -4.7610435   -7.4500356
   1.4023438   -72.104836    1.3166078   0.26141018   -7.6728168   -4.7613783   -7.4536362
     1.40625   -72.086723    1.3128465   0.26485863   -7.6728463   -4.7585034   -7.4439707
   1.4101562   -72.067673    1.3108326   0.26080334   -7.6729136   -4.7580686   -7.4388065
   1.4140625   -72.048698    1.3116959   0.25540876   -7.6731505   -4.7614026   -7.4495258
   1.4179688   -72.030434    1.3152045   0.25289786   -7.6732903   -4.7648587   -7.4568725
    1.421875   -72.011955    1.3184409   0.24909168   -7.6731787   -4.7656121   -7.4453201
   1.4257812   -71.992455    1.3184655   0.24317348   -7.6731172   -4.7638054   -7.4344454
   1.4296875   -71.972687    1.3162445   0.24221526   -7.6731524   -4.7602787     -7.44418
   1.4335938   -71.953506    1.3154811   0.24807781   -7.6729398   -4.7560611   -7.4563332
      1.4375   -71.934258    1.3181313   0.25074956    -7.672646   -4.7534962   -7.4476724
   1.4414062     -71.9142    1.3232256   0.24324323   -7.6728058   -4.7545485   -7.4342937
   1.4453125   -71.893944    1.3294264   0.23369223   -7.6732163   -4.7583733   -7.4415722
   1.4492188   -71.874336     1.335996    0.2319967   -7.6731362   -4.7618055   -7.4555449
    1.453125   -71.854958    1.3418682   0.23408514    -7.672586   -4.7629085   -7.4488378
   1.4570312   -71.834724    1.3461074   0.23160176   -7.6723299   -4.7629547    -7.432682
   1.4609375   -71.813606    1.3498397   0.22776276    -7.672617   -4.7637749   -7.4366741
   1.4648438   -71.792534    1.3556997   0.22889087   -7.6728978   -4.7653522   -7.4533587
     1.46875   -71.771637    1.3651954    0.2290621   -7.6727419   -4.7666917   -7.4514847
   1.4726562   -71.750427    1.3769562   0.22059336   -7.6723132   -4.7672853    -7.433805
   1.4765625   -71.729111     1.387786   0.21094018   -7.6720147   -4.7667704   -7.4319916
   1.4804688   -71.707947    1.3957841   0.21128973   -7.6720066   -4.7646065   -7.4485593
    1.484375   -71.686462    1.4023696   0.21673816   -7.6721945   -4.7620587   -7.4532647
   1.4882812   -71.664398    1.4104342   0.21515653   -7.6724205   -4.7625985   -7.4391532
   1.4921875   -71.642555    1.4211663   0.20802119   -7.6725626   -4.7675047   -7.4336462
   1.4960938   -71.621506    1.4336519   0.20504911   -7.6725163   -4.7725911   -7.4459491
         1.5    -71.60041    1.4463255   0.20532125   -7.6724343   -4.7719564   -7.4510522
   1.5039062   -71.578377    1.4585135   0.20127913   -7.6724954   -4.7651181   -7.4385538
   1.5078125    -71.55571    1.4702438   0.19528529   -7.6725674   -4.7584033   -7.4324346
   1.5117188   -71.533081    1.4818881   0.19563492   -7.6724248   -4.7580709    -7.445498
    1.515625   -71.510437     1.494048    0.2001857   -7.6722841   -4.7640681   -7.4544287
   1.5195312   -71.487427    1.5076654   0.19898084   -7.6723666   -4.7715044   -7.4422116
   1.5234375   -71.464157    1.5227312   0.19122255   -7.6724443   -4.7755733   -7.4299774
   1.5273438    -71.44101     1.537707   0.18608487   -7.6723094   -4.7745762   -7.4394884
     1.53125   -71.417961    1.5507246   0.18738055   -7.6721253   -4.7702699   -7.4547052
   1.5351562   -71.394768    1.5620462   0.18935315   -7.6720986   -4.7662258    -7.450912
   1.5390625   -71.371666    1.5741497   0.18842426   -7.6721611   -4.7656331   -7.4371119
   1.5429688   -71.348579    1.5889801   0.18757357   -7.6722007   -4.7687783   -7.4368296
    1.546875     -71.3246    1.6061937    0.1875319   -7.6722016   -4.7729506   -7.4457784
   1.5507812   -71.299545    1.6241699   0.18498053   -7.6721468   -4.7753348   -7.4439707
   1.5546875    -71.27475    1.6412171   0.18069147   -7.6719818   -4.7752619   -7.4358397
   1.5585938   -71.251091    1.6562457   0.17915207   -7.6718335   -4.7736783   -7.4408388
      1.5625   -71.227669    1.6699834   0.18084449   -7.6719832   -4.7715569    -7.453454
   1.5664062   -71.203484    1.6844604   0.18275246   -7.6723762   -4.7697272   -7.4502516
   1.5703125   -71.178925    1.7012028   0.18361636   -7.6725912   -4.7692471   -7.4333253
   1.5742188   -71.154823    1.7197255   0.18340111   -7.6724644   -4.7709813   -7.4293141
    1.578125   -71.131058    1.7380935   0.18184234   -7.6722479   -4.7747402   -7.4432268
   1.5820312   -71.106911    1.7546841   0.18034613   -7.6721306   -4.7787414    -7.450573
   1.5859375   -71.082314    1.7693375   0.18128248   -7.6720276   -4.7801228    -7.441505
   1.5898438   -71.058052    1.7827547   0.18422796   -7.6718793   -4.7771883   -7.4356322
     1.59375   -71.034409    1.7962991   0.18635362   -7.6718097   -4.7721639    -7.443109
   1.5976562   -71.010735    1.8120903   0.18735704   -7.6718512   -4.7702723   -7.4469466
   1.6015625   -70.986633    1.8311919   0.18926407    -7.671916   -4.7740936   -7.4382868
   1.6054688   -70.962669    1.8515527   0.19084595   -7.6718669   -4.7796707   -7.4350653
    1.609375   -70.939507    1.8690616    0.1890474   -7.6716542   -4.7810369   -7.4470859
   1.6132812   -70.917175    1.8821975   0.18663581   -7.6714826   -4.7774525   -7.4543428
   1.6171875   -70.895287    1.8938686   0.18989074   -7.6715903   -4.7735419   -7.4417052
   1.6210938   -70.873428    1.9077591   0.19728631   -7.6719556    -4.773283   -7.4274974
       1.625   -70.851517    1.9241865   0.20030004   -7.6722856   -4.7758927   -7.4334674
   1.6289062   -70.829849    1.9414905   0.19785845   -7.6723423   -4.7784996   -7.4492564
   1.6328125   -70.808807    1.9582158    0.1978409    -7.672194   -4.7802644   -7.4526167
   1.6367188   -70.788437    1.9733281   0.20194817   -7.6720428   -4.7815018    -7.445632
    1.640625   -70.768326    1.9857035   0.20363545   -7.6718974   -4.7811828   -7.4438267
   1.6445312   -70.748329    1.9959959    0.2028653    -7.671669   -4.7788825   -7.4455848
   1.6484375   -70.728981    2.0073864   0.20691711   -7.6715279    -4.777638   -7.4400835
   1.6523438   -70.710579    2.0226049   0.21438168    -7.671586   -4.7804379   -7.4338646
     1.65625    -70.69265    2.0401905   0.21509583     -7.67167   -4.7846375   -7.4410744
   1.6601562   -70.674698     2.056314   0.20901518   -7.6716757   -4.7848639   -7.4542809
   1.6640625   -70.656975    2.0690579   0.20837474   -7.6716819   -4.7806664   -7.4534802
   1.6679688   -70.640068    2.0791016   0.21698014   -7.6716666   -4.7764101   -7.4398184
    1.671875    -70.62426    2.0880578   0.22418061   -7.6716237   -4.7748275   -7.4333687
   1.6757812   -70.609375    2.0977232   0.22421315   -7.6716127   -4.7752967   -7.4404464
   1.6796875    -70.59507    2.1097105   0.22460446   -7.6716132   -4.7778082   -7.4477353
   1.6835938   -70.580833     2.123831   0.22957748   -7.6716242   -4.7834034   -7.4477639
      1.6875    -70.56633    2.1377857   0.23194484   -7.6717019   -4.7892613   -7.4469738
   1.6914062   -70.552101    2.1492767   0.22860663   -7.6718159   -4.7891879    -7.447113
   1.6953125   -70.539124    2.1581907    0.2285638   -7.6717601   -4.7821722   -7.4415426
   1.6992188   -70.527283    2.1655216   0.23667473   -7.6715441   -4.7757573   -7.4332414
    1.703125   -70.515518    2.1726308   0.24340168   -7.6714001    -4.777112    -7.434885
   1.7070312   -70.503693    2.1815593   0.24097572   -7.6714067   -4.7837715   -7.4463649
   1.7109375   -70.493042    2.1935792   0.23651709   -7.6713672   -4.7880278   -7.4522634
   1.7148438   -70.483833    2.2066748   0.23852083   -7.6711807   -4.7874494   -7.4465961
     1.71875   -70.474594     2.216713   0.24336648   -7.6710548   -4.7850862   -7.4400415
   1.7226562   -70.464653    2.2218459   0.24520411   -7.6711249   -4.7823501   -7.4384007
   1.7265625   -70.455338    2.2244763   0.24682152   -7.6711807   -4.7789712   -7.4361901
   1.7304688   -70.447456    2.2279897   0.25164166   -7.6711159   -4.7783594   -7.4348717
    1.734375    -70.44001    2.2331789    0.2553888   -7.6710453   -4.7847385   -7.4431152
   1.7382812   -70.432281    2.2396507   0.25417608   -7.6709838   -4.7944059   -7.4545269
   1.7421875   -70.425156    2.2478013   0.25259322   -7.6707783   -4.7969174   -7.4509144
   1.7460938   -70.419449    2.2567396   0.25597215   -7.6704707   -4.7879043     -7.43435
        1.75   -70.414314    2.2628562   0.26160318   -7.6703281   -4.7757683   -7.4284363
   1.7539062   -70.408875    2.2636917   0.26439628   -7.6704545   -4.7726126   -7.4396396
   1.7578125   -70.403969    2.2616632   0.26494679   -7.6705956   -4.7809606   -7.4472365
   1.7617188   -70.400841    2.2617688   0.26595119   -7.6705251   -4.7924175   -7.4414172
    1.765625   -70.398659     2.265939    0.2664482   -7.6703916   -4.7977815   -7.4389343
   1.7695312   -70.395813     2.271697   0.26578772    -7.670455   -4.7944942   -7.4474416
   1.7734375   -70.392708     2.276087   0.26719105    -7.670681   -4.7862897   -7.4484739
   1.7773438   -70.390938    2.2784529   0.27130324   -7.6707687   -4.7794938   -7.4348092
     1.78125   -70.390579    2.2795055   0.27333221   -7.6706014   -4.7794952   -7.4296126
   1.7851562   -70.390701    2.2794294   0.27106029   -7.6703739   -4.7873592   -7.4454637
   1.7890625   -70.391357    2.2785392   0.26830393   -7.6702547   -4.7976909   -7.4583406
   1.7929688    -70.39299    2.2784572   0.26782182   -7.6701984   -4.8017735   -7.4479418
    1.796875   -70.395126    2.2806916   0.26820326   -7.6701999   -4.7953367   -7.4326224
   1.8007812   -70.397133    2.2839279   0.26899609   -7.6703105   -4.7833371   -7.4359159
   1.8046875   -70.399261    2.2850862   0.27144268   -7.6703959   -4.7758241   -7.4470906
   1.8085938   -70.402039    2.2826753   0.27384803   -7.6703181    -4.778738   -7.4461079
      1.8125   -70.405525    2.2784393   0.27308485   -7.6702123   -4.7894549   -7.4409809
   1.8164062   -70.409508    2.2752223    0.2703945   -7.6702385   -4.8005705   -7.4471822
   1.8203125   -70.413773    2.2739277   0.27025443   -7.6703196   -4.8056517   -7.4535694
   1.8242188   -70.418465    2.2726476    0.2735157   -7.6702142   -4.8019733   -7.4434185
    1.828125   -70.424065    2.2692385    0.2768901   -7.6699667   -4.7920423   -7.4304247
   1.8320312    -70.43058    2.2637615   0.27908036   -7.6698647   -4.7832689   -7.4378581
   1.8359375   -70.437164    2.2581007   0.28125176   -7.6699505    -4.783143   -7.4561915
   1.8398438   -70.443184     2.253895   0.28206733    -7.669971   -4.7922091   -7.4576411
     1.84375   -70.449265    2.2512498    0.2789079   -7.6698093   -4.8022947   -7.4425297
   1.8476562   -70.456367    2.2491875   0.27433816   -7.6696482   -4.8044686   -7.4355788
   1.8515625    -70.46434    2.2466497   0.27438089   -7.6696086   -4.7983475   -7.4426556
   1.8554688   -70.472336    2.2431548   0.27897033   -7.6695933   -4.7917547   -7.4463258
    1.859375   -70.480247    2.2389424   0.28161821   -7.6695695   -4.7910843   -7.4420409
   1.8632812   -70.488609    2.2348833   0.27960503   -7.6695838    -4.794816   -7.4439344
   1.8671875   -70.497757    2.2316144   0.27656674   -7.6695156   -4.7976303   -7.4526267
   1.8710938   -70.507484    2.2288439   0.27495563    -7.669322   -4.7976756   -7.4506192
       1.875   -70.517365    2.2252083   0.27379674   -7.6692209   -4.7966757   -7.4358654
   1.8789062   -70.526901     2.219667   0.27427438   -7.6692772   -4.7954068   -7.4297385
   1.8828125   -70.536186    2.2128062   0.27945983   -7.6692791   -4.7936506   -7.4418283
   1.8867188   -70.545883    2.2063367   0.28712147   -7.6692233   -4.7933431    -7.453723
    1.890625   -70.556206    2.2009094   0.29023263   -7.6693573   -4.7968283   -7.4499688
   1.8945312   -70.566666    2.1956513   0.28681383   -7.6696634   -4.8013382   -7.4405713
   1.8984375   -70.577126    2.1898026   0.28299776   -7.6698132   -4.8007379   -7.4387422
   1.9023438   -70.588097    2.1840723    0.2839255   -7.6696854   -4.7945967    -7.439527
     1.90625   -70.599823    2.1789691   0.28774247   -7.6694365   -4.7901068   -7.4365258
   1.9101562   -70.611771    2.1732666   0.29089245   -7.6692543   -4.7925911   -7.4379663
   1.9140625   -70.623474    2.1661894   0.29339725   -7.6691675   -4.7990198   -7.4484868
   1.9179688   -70.634964    2.1596076   0.29579672   -7.6690693   -4.8036752   -7.4543338
    1.921875     -70.6464    2.1558988   0.29524967   -7.6688437   -4.8051333   -7.4452705
   1.9257812   -70.657837    2.1547427       0.2899   -7.6685758   -4.8043075   -7.4342642
   1.9296875   -70.669456    2.1531944   0.28537092   -7.6685433   -4.8012371   -7.4366074
   1.9335938   -70.681358    2.1485996    0.2891444   -7.6687665   -4.7975955   -7.4452438
      1.9375   -70.693306    2.1414359   0.29844242   -7.6688981   -4.7978392   -7.4459176
   1.9414062   -70.705177    2.1345181    0.3030715   -7.6687589   -4.8033485   -7.4417524
   1.9453125   -70.717125    2.1296332   0.30075732   -7.6685805   -4.8081074   -7.4429927
   1.9492188   -70.729019    2.1262624    0.2985411   -7.6686549   -4.8056469   -7.4461083
    1.953125    -70.74073    2.1236465   0.29947504    -7.668808    -4.799027   -7.4426966
   1.9570312   -70.752625    2.1211002   0.30056971   -7.6686902   -4.7979846   -7.4381804
   1.9609375   -70.765068    2.1168191   0.30238289   -7.6682806   -4.8051124   -7.4425101
   1.9648438   -70.777588    2.1094632   0.30827156   -7.6679535   -4.8118048   -7.4502444
     1.96875   -70.789383    2.1005454   0.31560373   -7.6680241   -4.8104658   -7.4484882
   1.9726562   -70.800629    2.0934317    0.3177228   -7.6683583   -4.8042917   -7.4394641
   1.9765625   -70.812271    2.0903206   0.31383127   -7.6685205   -4.8002205   -7.4369788
   1.9804688   -70.824203    2.0902925   0.31072855   -7.6683702   -4.7989016   -7.4430575
    1.984375   -70.835411    2.0897992   0.31335473   -7.6681614   -4.7988462   -7.4462271
   1.9882812   -70.845757    2.0865595   0.31826562   -7.6680388   -4.8032246   -7.4429221
   1.9921875   -70.856277    2.0816677   0.32080081   -7.6678524    -4.813211   -7.4419518
   1.9960938   -70.867653    2.0772538   0.32203275   -7.6675696   -4.8198829   -7.4454727