           0   -69.575821   -2.1673422   -1.3579315   -7.5551972   -11.063242   -5.5557179
  0.00390625   -69.590057    -2.165555   -1.3672813   -7.5551682   -11.062073    -5.560657
   0.0078125   -69.603653   -2.1649063   -1.3681349   -7.5551996   -11.062782    -5.551311
  0.01171875   -69.617508   -2.1703203   -1.3614988    -7.555254   -11.066608     -5.54598
    0.015625   -69.631805   -2.1817071   -1.3522333    -7.555191    -11.06877   -5.5567164
  0.01953125   -69.646088   -2.1939161   -1.3429443   -7.5550528   -11.065017   -5.5649796
   0.0234375   -69.660263   -2.2020185   -1.3380126   -7.5550561   -11.059409    -5.555058
  0.02734375   -69.674492   -2.2048132   -1.3429319   -7.5553198   -11.059426   -5.5433664
     0.03125   -69.688583   -2.2047527   -1.3544118   -7.5556598   -11.065298   -5.5490441
  0.03515625   -69.702339   -2.2061775   -1.3603495     -7.55581    -11.07025   -5.5602794
   0.0390625   -69.716125   -2.2121212    -1.354272   -7.5557542   -11.070765   -5.5575142
  0.04296875   -69.730545   -2.2218995   -1.3421713   -7.5556679   -11.069355   -5.5482202
    0.046875   -69.745422   -2.2318311   -1.3337268   -7.5557227   -11.067523   -5.5498595
  0.05078125    -69.75985   -2.2383883   -1.3343868   -7.5558019   -11.063592   -5.5568151
   0.0546875   -69.773468   -2.2407551   -1.3436937   -7.5556941   -11.058898   -5.5538735
  0.05859375   -69.786842   -2.2412705   -1.3546485   -7.5555158   -11.059083   -5.5470514
      0.0625   -69.800453   -2.2428119    -1.357915   -7.5555749   -11.065514   -5.5510125
  0.06640625   -69.814171   -2.2466519   -1.3505408   -7.5558834   -11.071856   -5.5584812
   0.0703125   -69.827896   -2.2527723   -1.3385005   -7.5560513   -11.072577   -5.5534263
  0.07421875   -69.841682   -2.2602968   -1.3304694   -7.5558791   -11.069651   -5.5434136
    0.078125   -69.855042   -2.2671089   -1.3313431   -7.5556903   -11.067557   -5.5466442
  0.08203125   -69.867668   -2.2712181   -1.3402108   -7.5558553   -11.066385   -5.5571647
   0.0859375   -69.880241   -2.2728071    -1.351276   -7.5561938    -11.06419   -5.5557494
  0.08984375   -69.893211   -2.2741792   -1.3564754   -7.5563087   -11.062262   -5.5458913
     0.09375   -69.905853   -2.2776761   -1.3507446   -7.5562477   -11.063114   -5.5456762
  0.09765625   -69.917641   -2.2836447   -1.3381552   -7.5563116   -11.065269   -5.5527925
   0.1015625   -69.929123   -2.2907813   -1.3305911   -7.5564804   -11.065402   -5.5510693
  0.10546875   -69.940575   -2.2974169   -1.3355243   -7.5565701   -11.064517   -5.5443707
    0.109375   -69.951302    -2.302017   -1.3473699   -7.5566139   -11.066501   -5.5494332
  0.11328125   -69.960838   -2.3036995    -1.355721   -7.5567722   -11.070964   -5.5600557
   0.1171875   -69.970169   -2.3040094   -1.3572246   -7.5570354   -11.072566   -5.5549865
  0.12109375   -69.980209   -2.3063636   -1.3533955   -7.5570636   -11.069058   -5.5396791
       0.125   -69.990013   -2.3126011   -1.3451445   -7.5567393   -11.064611   -5.5408101
  0.12890625   -69.998184   -2.3206155    -1.337736   -7.5564942   -11.063679   -5.5574908
   0.1328125   -70.005173   -2.3268166   -1.3417507   -7.5566773   -11.065578   -5.5604191
  0.13671875   -70.012222   -2.3297343    -1.358894   -7.5569963   -11.067298   -5.5450406
    0.140625   -70.019119   -2.3303018   -1.3741457   -7.5570092   -11.068084   -5.5404115
  0.14453125   -70.025124    -2.330291   -1.3734069   -7.5567212   -11.068067   -5.5552235
   0.1484375   -70.030769    -2.331847   -1.3626126   -7.5564685   -11.066576   -5.5612283
  0.15234375   -70.036644     -2.33693   -1.3570513   -7.5564728   -11.063922   -5.5464568
     0.15625   -70.041847   -2.3449342   -1.3596381   -7.5566602   -11.062824   -5.5387454
  0.16015625   -70.045479   -2.3517702   -1.3644454   -7.5568604   -11.065996   -5.5541224
   0.1640625   -70.048485   -2.3532178   -1.3725793   -7.5569234   -11.072208   -5.5661139
  0.16796875   -70.052048   -2.3501403   -1.3863479   -7.5568051   -11.075776   -5.5538187
    0.171875   -70.055359   -2.3479776   -1.3949652   -7.5566325   -11.072047   -5.5394316
  0.17578125   -70.056946   -2.3510921   -1.3867836   -7.5566387   -11.063508   -5.5462656
   0.1796875   -70.057426   -2.3589416   -1.3719285   -7.5569167   -11.058239   -5.5575023
  0.18359375   -70.058533    -2.367645   -1.3719022    -7.557219   -11.061542   -5.5513496
      0.1875   -70.060089    -2.372951    -1.388325   -7.5573549   -11.070074   -5.5423832
  0.19140625   -70.060463   -2.3729422   -1.4026971   -7.5574293    -11.07567    -5.551013
   0.1953125   -70.059357   -2.3695464    -1.405968   -7.5576096   -11.073793   -5.5625377
  0.19921875    -70.05806   -2.3677104   -1.4056005   -7.5577898   -11.066858   -5.5542545
    0.203125   -70.057076   -2.3720398   -1.4043744    -7.557693   -11.060707   -5.5386167
  0.20703125    -70.05555    -2.382338   -1.3973101   -7.5573044    -11.05998   -5.5417252
   0.2109375   -70.052856   -2.3929746   -1.3905966   -7.5569782   -11.066094   -5.5571933
  0.21484375   -70.049553   -2.3977001   -1.3984035   -7.5569906   -11.075841   -5.5590386
     0.21875   -70.046631   -2.3955493   -1.4175913   -7.5571928    -11.08152   -5.5476165
  0.22265625   -70.043976   -2.3908136   -1.4276359   -7.5573549   -11.076899   -5.5451503
   0.2265625   -70.040413   -2.3891289   -1.4200375   -7.5574017   -11.064937   -5.5531635
  0.23046875   -70.035332   -2.3935068   -1.4090019   -7.5572944   -11.056587   -5.5522866
    0.234375   -70.029739   -2.4029741   -1.4078394   -7.5571384   -11.059155   -5.5419588
  0.23828125   -70.024681   -2.4127314   -1.4125721   -7.5571423   -11.068591    -5.542326
   0.2421875   -70.019615   -2.4174945   -1.4166232   -7.5572987   -11.075509   -5.5552483
  0.24609375   -70.013618   -2.4154248   -1.4233978   -7.5573807   -11.075538   -5.5596924
        0.25   -70.007111   -2.4098077   -1.4331509   -7.5572953    -11.07082   -5.5493631
  0.25390625   -70.000717   -2.4061687   -1.4347498   -7.5571275   -11.064668    -5.541852
   0.2578125   -69.993874   -2.4084706   -1.4235592   -7.5571032     -11.0598   -5.5461793
  0.26171875    -69.98616   -2.4166467   -1.4132962   -7.5572848   -11.059794   -5.5509982
    0.265625   -69.977966   -2.4263151   -1.4173801   -7.5573511   -11.066828   -5.5499339
  0.26953125   -69.969337   -2.4314885   -1.4301809   -7.5570831   -11.076286   -5.5510082
   0.2734375   -69.959999   -2.4295325   -1.4377972   -7.5568852     -11.0793   -5.5551224
  0.27734375   -69.950439   -2.4236865   -1.4370745   -7.5571437   -11.072927   -5.5520477
     0.28125   -69.941162   -2.4197829   -1.4329813   -7.5574231   -11.063877   -5.5437918
  0.28515625   -69.931717   -2.4211202   -1.4268488   -7.5572615   -11.060373   -5.5449162
   0.2890625    -69.92144   -2.4265172   -1.4198097   -7.5570788   -11.063733   -5.5542502
  0.29296875   -69.910568   -2.4323339   -1.4194214   -7.5574074    -11.06989    -5.554914
    0.296875   -69.899796    -2.435122   -1.4295743   -7.5578671   -11.074299   -5.5468316
  0.30078125   -69.889366   -2.4337065   -1.4405664   -7.5578809    -11.07418   -5.5471721
   0.3046875   -69.878883   -2.4297192   -1.4404657   -7.5576386   -11.069984   -5.5552425
  0.30859375   -69.867935   -2.4262836   -1.4305876   -7.5576124   -11.065989   -5.5529604
      0.3125   -69.856194   -2.4257476   -1.4211116   -7.5578089   -11.066366   -5.5427146
  0.31640625   -69.843521    -2.428303    -1.418112    -7.557992   -11.070157   -5.5458508
   0.3203125   -69.830376   -2.4317575   -1.4220239   -7.5581098   -11.072279   -5.5599909
  0.32421875   -69.817665   -2.4330497   -1.4309981   -7.5581803   -11.069966   -5.5591888
    0.328125   -69.805801   -2.4310107   -1.4394252   -7.5581217   -11.066181   -5.5424743
  0.33203125   -69.793991   -2.4273119   -1.4396743   -7.5579882   -11.064812   -5.5390043
   0.3359375   -69.781021   -2.4249458   -1.4304836   -7.5581198   -11.065856   -5.5551834
  0.33984375   -69.766754   -2.4256287   -1.4199278   -7.5585427   -11.067162   -5.5618658
     0.34375   -69.752518   -2.4281616   -1.4172831   -7.5587478   -11.068082   -5.5478659
  0.34765625   -69.739174   -2.4294245   -1.4243327   -7.5584869    -11.06892   -5.5402317
   0.3515625   -69.726036   -2.4276071   -1.4354967   -7.5581508   -11.068545   -5.5529141
  0.35546875    -69.71212    -2.423418    -1.443222    -7.558115   -11.066546   -5.5606923
    0.359375   -69.697784   -2.4191513   -1.4420763   -7.5582218   -11.065842   -5.5482202
  0.36328125   -69.683929    -2.416965   -1.4323088   -7.5581746   -11.068732   -5.5402241
   0.3671875   -69.670151   -2.4173911   -1.4222387   -7.5580802    -11.07218   -5.5536594
  0.37109375   -69.655449   -2.4188604    -1.421982   -7.5581169   -11.071434   -5.5631671
       0.375   -69.640114   -2.4189985   -1.4322951   -7.5581756   -11.067004   -5.5482383
  0.37890625   -69.625275   -2.4159863   -1.4436896   -7.5582151   -11.063956   -5.5342426
   0.3828125   -69.611076   -2.4099443   -1.4474699    -7.558404   -11.065085   -5.5477529
  0.38671875   -69.596741   -2.4032085   -1.4437487    -7.558639   -11.068121   -5.5671067
    0.390625   -69.582069    -2.398706   -1.4370823   -7.5586047   -11.070126   -5.5604219
  0.39453125   -69.567284   -2.3978596   -1.4307026   -7.5583458   -11.070751   -5.5418873
   0.3984375   -69.552147   -2.3993402   -1.4292227    -7.558229   -11.070078   -5.5435925
  0.40234375   -69.536705   -2.3998597   -1.4377259   -7.5583525    -11.06689   -5.5572648
     0.40625   -69.521698   -2.3969789   -1.4518509   -7.5584998   -11.062102   -5.5538282
  0.41015625   -69.507179   -2.3909132   -1.4580935   -7.5585608   -11.061008   -5.5407076
   0.4140625    -69.49221   -2.3837039   -1.4502833   -7.5586061   -11.066957   -5.5475416
  0.41796875   -69.476418   -2.3782396   -1.4380183   -7.5586524   -11.074923   -5.5673513
    0.421875   -69.460678   -2.3765912   -1.4335052   -7.5586691   -11.076269   -5.5654278
  0.42578125   -69.445755   -2.3777668   -1.4377754   -7.5587163   -11.068845   -5.5424781
   0.4296875   -69.431107   -2.3777518   -1.4451324   -7.5588727   -11.058998   -5.5357141
  0.43359375   -69.415863   -2.3730195   -1.4526653   -7.5591016   -11.054325   -5.5540767
      0.4375   -69.399925   -2.3638258   -1.4579931   -7.5591249   -11.057156   -5.5644703
  0.44140625   -69.383781   -2.3542171   -1.4554781   -7.5587821   -11.064492   -5.5520005
   0.4453125   -69.368149   -2.3485479   -1.4446168   -7.5584612   -11.071149   -5.5434408
  0.44921875   -69.353661   -2.3480663   -1.4369125   -7.5584893   -11.072315   -5.5544009
    0.453125   -69.339851   -2.3500154   -1.4432986   -7.5586286   -11.066529   -5.5614805
  0.45703125   -69.325371   -2.3494473   -1.4579817   -7.5586376   -11.057873   -5.5494957
   0.4609375   -69.309837   -2.3427043   -1.4665269   -7.5587511   -11.053734   -5.5413051
  0.46484375   -69.294144   -2.3302083   -1.4658232   -7.5590749   -11.058209    -5.553411
     0.46875   -69.278816   -2.3171365   -1.4630146   -7.5592356   -11.067512   -5.5635052
  0.47265625   -69.263641   -2.3102708   -1.4608873   -7.5590057   -11.073891   -5.5526094
   0.4765625   -69.248489   -2.3117373   -1.4585758    -7.558712   -11.072948    -5.541595
  0.48046875    -69.23349   -2.3157308   -1.4605358   -7.5587177   -11.066595   -5.5518479
    0.484375   -69.218887    -2.313863    -1.471102   -7.5589724   -11.060393   -5.5641546
  0.48828125   -69.204819    -2.303184   -1.4836532    -7.559217     -11.0586   -5.5544767
   0.4921875   -69.190903   -2.2887058   -1.4861619   -7.5592833   -11.061165   -5.5398722
  0.49609375   -69.176498   -2.2788193   -1.4771092   -7.5591769   -11.064875    -5.547502
         0.5   -69.161774   -2.2784398     -1.46816   -7.5590138   -11.066878   -5.5638094
  0.50390625   -69.147316   -2.2849343    -1.469154    -7.558917    -11.06624   -5.5592999
   0.5078125   -69.133141   -2.2903214   -1.4771297   -7.5589399   -11.063309   -5.5428138
  0.51171875   -69.118896   -2.2871447   -1.4842213   -7.5591087   -11.059581   -5.5441551
    0.515625   -69.104507   -2.2740691   -1.4885234   -7.5593147   -11.058113    -5.559164
  0.51953125   -69.089928   -2.2573888   -1.4904509   -7.5593591   -11.060995   -5.5602894
   0.5234375   -69.075119   -2.2464559   -1.4873157   -7.5591884   -11.065833   -5.5490355
  0.52734375   -69.060501   -2.2459884   -1.4802243   -7.5589457   -11.067415   -5.5499883
     0.53125   -69.046432   -2.2523243   -1.4777026   -7.5589199   -11.063909   -5.5617137
  0.53515625   -69.032585   -2.2566714   -1.4849174   -7.5591764   -11.059581    -5.560379
   0.5390625   -69.018616     -2.25178   -1.4959458   -7.5593529   -11.059345   -5.5470548
  0.54296875   -69.004662   -2.2376707   -1.5011952    -7.559195   -11.062798   -5.5456843
    0.546875   -68.990791   -2.2218554    -1.497877   -7.5589323   -11.065874    -5.557303
  0.55078125   -68.976746   -2.2133799   -1.4908773   -7.5590019   -11.066431   -5.5602198
   0.5546875    -68.96254   -2.2151427   -1.4864922   -7.5593514   -11.065311    -5.552774
  0.55859375   -68.948448   -2.2215412   -1.4880474    -7.559536   -11.063049   -5.5535274
      0.5625   -68.934601   -2.2229218   -1.4951792   -7.5594516   -11.059284   -5.5615568
  0.56640625   -68.920837   -2.2138255   -1.5036663   -7.5593538   -11.055392   -5.5583363
   0.5703125   -68.906967   -2.1975348   -1.5072329   -7.5593443   -11.054368   -5.5471358
  0.57421875   -68.892982   -2.1826789   -1.5029837    -7.559351    -11.05719   -5.5491185
    0.578125   -68.879349   -2.1759784   -1.4947743   -7.5592842   -11.061623   -5.5617557
  0.58203125   -68.866455   -2.1780641   -1.4894806   -7.5591578   -11.064626   -5.5619674
   0.5859375   -68.853996   -2.1835217   -1.4910631   -7.5591569   -11.064777   -5.5498285
  0.58984375   -68.841484   -2.1839259   -1.4978286   -7.5594373   -11.062877   -5.5485239
     0.59375   -68.829109   -2.1739712   -1.5036033   -7.5597906   -11.060633   -5.5597944
  0.59765625   -68.817444   -2.1566048   -1.5028058   -7.5598617   -11.059716   -5.5608616
   0.6015625   -68.806137   -2.1415682   -1.4956268   -7.5596409   -11.060893   -5.5493331
  0.60546875   -68.794456   -2.1367466   -1.4872638   -7.5593281   -11.062926    -5.548461
    0.609375   -68.782875   -2.1415415   -1.4827147   -7.5590591   -11.063155   -5.5616188
  0.61328125   -68.772331   -2.1477015   -1.4836913   -7.5589471   -11.060561    -5.564312
   0.6171875    -68.76265   -2.1463349   -1.4888889   -7.5590591    -11.05768   -5.5505242
  0.62109375    -68.75312   -2.1342943    -1.494079   -7.5591974   -11.057153    -5.544908
       0.625   -68.743637   -2.1164262   -1.4936048   -7.5591292   -11.058256   -5.5566831
  0.62890625   -68.734756   -2.1019237    -1.485721   -7.5590754   -11.059259   -5.5628819
   0.6328125   -68.726799   -2.0974345    -1.475764   -7.5593386   -11.060863   -5.5526519
  0.63671875   -68.719414   -2.1015449     -1.47164   -7.5596571   -11.063973   -5.5477381
    0.640625   -68.712379   -2.1057696   -1.4758115   -7.5595803   -11.066101   -5.5604243
  0.64453125   -68.705887   -2.1019843   -1.4834098   -7.5592856    -11.06384   -5.5687065
   0.6484375   -68.699776   -2.0892684   -1.4879392    -7.559217   -11.057998   -5.5562243
  0.65234375   -68.693802   -2.0741768   -1.4858987   -7.5592537   -11.053276   -5.5434318
     0.65625   -68.688568    -2.064738   -1.4774677   -7.5590453   -11.053196   -5.5517497
  0.66015625    -68.68483   -2.0641909   -1.4673182   -7.5587783    -11.05764   -5.5659251
   0.6640625     -68.6819   -2.0687916   -1.4629455   -7.5588388   -11.063838   -5.5629573
  0.66796875   -68.678268   -2.0710239   -1.4678276   -7.5590816   -11.067756   -5.5527172
    0.671875   -68.674271   -2.0650234   -1.4767736   -7.5590606   -11.066204   -5.5562754
  0.67578125   -68.671791   -2.0518365   -1.4805017   -7.5588808   -11.060062   -5.5653591
   0.6796875    -68.67112   -2.0391622   -1.4746318   -7.5589685   -11.054791   -5.5596352
  0.68359375   -68.670616   -2.0346682   -1.4630948   -7.5592122   -11.054957   -5.5480266
      0.6875   -68.669678   -2.0387938   -1.4538938   -7.5591297   -11.059433    -5.553895
  0.69140625   -68.669411   -2.0447276   -1.4525105   -7.5588207    -11.06379   -5.5701466
   0.6953125   -68.670303   -2.0445693   -1.4576517   -7.5588245     -11.0656   -5.5693603
  0.69921875    -68.67157   -2.0355167   -1.4627099   -7.5592031    -11.06479   -5.5527534
    0.703125   -68.672699   -2.0211537   -1.4626286   -7.5594549   -11.061213   -5.5484424
  0.70703125   -68.674225   -2.0087624   -1.4572277   -7.5593877   -11.056095   -5.5610061
   0.7109375    -68.67662   -2.0051725    -1.448264   -7.5592451   -11.054107   -5.5653296
  0.71484375   -68.679688   -2.0111659   -1.4388556   -7.5591354   -11.058493   -5.5551805
     0.71875   -68.682922   -2.0191259   -1.4347166   -7.5590529   -11.065131   -5.5537291
  0.72265625   -68.686218   -2.0189104   -1.4390453   -7.5590792   -11.066715   -5.5668659
   0.7265625   -68.689972   -2.0072742   -1.4465634   -7.5592895   -11.061934   -5.5703502
  0.73046875   -68.694687   -1.9905578   -1.4477247   -7.5595155     -11.0562    -5.555963
    0.734375   -68.700264   -1.9791688   -1.4394236   -7.5595121   -11.054513   -5.5481296
  0.73828125   -68.705994   -1.9789945   -1.4281366   -7.5592918   -11.057636   -5.5589352
   0.7421875   -68.711395   -1.9871341   -1.4218714   -7.5591645   -11.063669   -5.5672441
  0.74609375   -68.716866   -1.9943011   -1.4221618   -7.5592794   -11.068651   -5.5598345
        0.75   -68.722908   -1.9919615    -1.425536   -7.5593805   -11.067649   -5.5539556
  0.75390625   -68.729561   -1.9792227   -1.4293635   -7.5592275   -11.060081   -5.5608602
   0.7578125   -68.736931    -1.964116   -1.4315274   -7.5589323   -11.052414   -5.5641742
  0.76171875   -68.745079   -1.9571352   -1.4277409   -7.5588231   -11.052079   -5.5548811
    0.765625   -68.753494   -1.9618263   -1.4169663   -7.5589805   -11.059361   -5.5518274
  0.76953125   -68.761414   -1.9720085   -1.4072682   -7.5591564   -11.068035   -5.5647526
   0.7734375   -68.769081   -1.9778442    -1.407953   -7.5591416   -11.072428   -5.5726142
  0.77734375   -68.777588   -1.9739738   -1.4171329   -7.5590196   -11.071025   -5.5621605
     0.78125   -68.787392    -1.962242   -1.4236503   -7.5590072   -11.065585   -5.5523567
  0.78515625   -68.797783   -1.9500102    -1.421164   -7.5591364   -11.060057   -5.5579996
   0.7890625   -68.807968   -1.9457021   -1.4146696   -7.5592961   -11.058997    -5.564405
  0.79296875   -68.818092   -1.9530641   -1.4108094   -7.5594754   -11.063328   -5.5600362
    0.796875   -68.828804     -1.96688   -1.4089514   -7.5596881   -11.067979   -5.5588555
  0.80078125   -68.839897   -1.9757258   -1.4080142   -7.5598497   -11.066986   -5.5679421
   0.8046875   -68.850639   -1.9712067   -1.4121788   -7.5598788   -11.060885   -5.5689034
  0.80859375   -68.861397   -1.9561194    -1.420729   -7.5598626   -11.055501   -5.5544143
      0.8125   -68.873268   -1.9420465   -1.4232894   -7.5598965   -11.054887   -5.5476184
  0.81640625   -68.886162   -1.9389017   -1.4148686   -7.5598726   -11.058742   -5.5614481
   0.8203125   -68.899048   -1.9476942   -1.4053085    -7.559701   -11.064839   -5.5733542
  0.82421875   -68.911751   -1.9618623   -1.4051899   -7.5595093   -11.070397   -5.5654826
    0.828125   -68.924667   -1.9720471   -1.4122198   -7.5595274   -11.071848   -5.5557337
  0.83203125   -68.937523   -1.9709084   -1.4180909   -7.5596714   -11.067745   -5.5613985
   0.8359375   -68.950142   -1.9589654   -1.4201295   -7.5596409   -11.061508   -5.5671101
  0.83984375   -68.963326    -1.946206   -1.4203095   -7.5594668   -11.058756   -5.5584426
     0.84375   -68.977486   -1.9443806   -1.4180617   -7.5594249   -11.061707   -5.5526371
  0.84765625   -68.991837   -1.9561257   -1.4117339   -7.5594535   -11.067407   -5.5648427
   0.8515625   -69.005531   -1.9723737   -1.4065742   -7.5592933    -11.07088   -5.5755768
  0.85546875   -69.018944   -1.9803569   -1.4107901   -7.5591164   -11.069465   -5.5646863
    0.859375   -69.032974   -1.9750074   -1.4211427   -7.5591927    -11.06455    -5.549181
  0.86328125   -69.047714    -1.962639   -1.4247477   -7.5592875   -11.059953   -5.5534978
   0.8671875   -69.062302   -1.9542021   -1.4179373   -7.5590987   -11.059044   -5.5674062
  0.87109375   -69.076553   -1.9563144   -1.4098524   -7.5588994   -11.062283   -5.5676918
       0.875   -69.091217   -1.9679122   -1.4066601   -7.5590568    -11.06688   -5.5596433
  0.87890625   -69.106659    -1.981598   -1.4063478   -7.5593462   -11.069316   -5.5620308
   0.8828125   -69.122223   -1.9882188   -1.4080408   -7.5593319   -11.068541   -5.5686383
  0.88671875   -69.137474    -1.983675   -1.4130418    -7.559082   -11.066442   -5.5621266
    0.890625   -69.152756   -1.9727854   -1.4172065   -7.5588913    -11.06538   -5.5517249
  0.89453125   -69.168213   -1.9655478   -1.4136684   -7.5588255   -11.066433   -5.5580883
   0.8984375   -69.183388   -1.9686519   -1.4037879   -7.5588779   -11.069203   -5.5730104
  0.90234375    -69.19825   -1.9805887   -1.3970414   -7.5590839   -11.071559   -5.5725961
     0.90625   -69.213379   -1.9936939   -1.3989753   -7.5592713   -11.070573   -5.5594893
  0.91015625   -69.228966   -2.0000801    -1.405073   -7.5592251    -11.06571   -5.5553536
   0.9140625   -69.244606   -1.9966496   -1.4082596   -7.5590434   -11.060865   -5.5619335
  0.91796875    -69.26004   -1.9873306   -1.4075623   -7.5589318   -11.061292   -5.5642705
    0.921875   -69.275383   -1.9808884   -1.4051211   -7.5589013   -11.067544   -5.5622063
  0.92578125    -69.29084   -1.9845171   -1.4002715   -7.5588984   -11.074196   -5.5663271
   0.9296875   -69.306374   -1.9971284   -1.3936545   -7.5589881   -11.075717   -5.5718241
  0.93359375   -69.321739   -2.0100164   -1.3912394    -7.559145   -11.071723   -5.5662589
      0.9375   -69.336891   -2.0148573   -1.3962659   -7.5591359   -11.066089   -5.5562897
  0.94140625   -69.352211   -2.0107515   -1.4025844   -7.5588861   -11.062947   -5.5582566
   0.9453125   -69.367989   -2.0040736   -1.4021975   -7.5587058   -11.064284   -5.5679827
  0.94921875    -69.38382   -2.0032253   -1.3947042   -7.5587873   -11.069337   -5.5686312
    0.953125   -69.399155    -2.012248   -1.3858683   -7.5589604   -11.073886   -5.5623674
  0.95703125   -69.414207   -2.0273464   -1.3810128   -7.5590062   -11.072891   -5.5639219
   0.9609375   -69.429543   -2.0395076   -1.3821124   -7.5590062   -11.066528   -5.5695138
  0.96484375   -69.445015   -2.0417213   -1.3872246   -7.5590992   -11.061477   -5.5645914
     0.96875   -69.459908    -2.035188   -1.3908194   -7.5591474   -11.063553    -5.555922
  0.97265625   -69.474228   -2.0286167   -1.3884783   -7.5590892   -11.070498   -5.5618572
   0.9765625   -69.488914   -2.0307689   -1.3816495   -7.5591021   -11.075205   -5.5755711
  0.98046875   -69.504272   -2.0430272   -1.3749866   -7.5591993   -11.074097   -5.5731173
    0.984375    -69.51963    -2.059056   -1.3714062   -7.5591674   -11.069326   -5.5558996
  0.98828125   -69.534645   -2.0702662   -1.3719639   -7.5590162   -11.064374   -5.5499191
   0.9921875   -69.549759   -2.0722494    -1.376498   -7.5589514     -11.0617   -5.5620155
  0.99609375    -69.56517   -2.0672126   -1.3810648   -7.5590148   -11.063391   -5.5709991
           1   -69.580185   -2.0622733   -1.3792117   -7.5591164   -11.069623   -5.5664864
   1.0039062   -69.594597   -2.0649164   -1.3702179   -7.5591884   -11.076139    -5.563087
   1.0078125   -69.609306   -2.0772514   -1.3618127   -7.5592237   -11.076303   -5.5681067
   1.0117188   -69.624931   -2.0928521   -1.3605705   -7.5592079   -11.068593   -5.5675344
    1.015625   -69.640533   -2.1016333   -1.3641442     -7.55902   -11.059993   -5.5562539
   1.0195312    -69.65493   -2.0994415   -1.3672343   -7.5587249   -11.058816    -5.551723
   1.0234375   -69.668304    -2.092339   -1.3689417   -7.5586848   -11.065373   -5.5627236
   1.0273438   -69.681824    -2.090694   -1.3686317    -7.559063   -11.072857   -5.5720239
     1.03125   -69.696175   -2.0993421   -1.3626348   -7.5594296   -11.076113   -5.5660262
   1.0351562   -69.711113   -2.1139944   -1.3523679     -7.55936   -11.075241   -5.5570321
   1.0390625   -69.726059   -2.1260815   -1.3477571   -7.5590148   -11.071795   -5.5591936
   1.0429688   -69.740692    -2.129679   -1.3540936   -7.5588436   -11.066951    -5.565073
    1.046875   -69.754997   -2.1251125   -1.3623601   -7.5589433    -11.06385   -5.5636182
   1.0507812   -69.769066   -2.1190357   -1.3617017   -7.5590005   -11.066091   -5.5613327
   1.0546875   -69.783287   -2.1202385   -1.3541211   -7.5588708   -11.072059   -5.5666499
   1.0585938   -69.798065   -2.1328895   -1.3480237   -7.5587111   -11.075151   -5.5707765
      1.0625    -69.81308   -2.1520391   -1.3454429   -7.5587158   -11.072058   -5.5637617
   1.0664062   -69.827309   -2.1662741   -1.3446044   -7.5588312    -11.06716   -5.5548272
   1.0703125   -69.840393   -2.1672993   -1.3472023   -7.5588884   -11.065836   -5.5574017
   1.0742188   -69.853188   -2.1580994   -1.3531777   -7.5588684   -11.068088    -5.566237
    1.078125    -69.86657   -2.1504271   -1.3553511   -7.5588236   -11.070995   -5.5682521
   1.0820312   -69.880447   -2.1540132   -1.3488222   -7.5587845   -11.073176   -5.5651493
   1.0859375   -69.894234   -2.1692193   -1.3399556   -7.5587902   -11.074001   -5.5659981
   1.0898438   -69.907776   -2.1883907   -1.3383738   -7.5588293    -11.07135   -5.5675969
     1.09375   -69.921043   -2.2019906   -1.3444241   -7.5588036    -11.06494   -5.5622253
   1.0976562   -69.933456   -2.2038794   -1.3508626   -7.5586767   -11.059806    -5.556704
   1.1015625   -69.944778     -2.19556   -1.3533776   -7.5586791    -11.06172    -5.562604
   1.1054688   -69.955902   -2.1863558   -1.3528516    -7.558929   -11.069324   -5.5725756
    1.109375   -69.967499   -2.1872158   -1.3501534   -7.5591516   -11.074822   -5.5696573
   1.1132812    -69.97892   -2.2013247   -1.3458043    -7.559032    -11.07313   -5.5574522
   1.1171875   -69.989395   -2.2211101   -1.3441526    -7.558742   -11.067208   -5.5556092
   1.1210938   -69.999199   -2.2340715   -1.3502699   -7.5586128   -11.063683   -5.5659647
       1.125    -70.00885    -2.233273   -1.3612132    -7.558589   -11.065701    -5.569912
   1.1289062   -70.018379   -2.2231848   -1.3679414    -7.558496   -11.071118   -5.5621147
   1.1328125   -70.027557   -2.2157629   -1.3665482   -7.5584726   -11.075366   -5.5589638
   1.1367188   -70.036018    -2.220346   -1.3611733     -7.55865   -11.075338   -5.5666003
    1.140625   -70.043388   -2.2365587   -1.3576795   -7.5586987   -11.071303   -5.5690355
   1.1445312   -70.049789   -2.2549853   -1.3597329   -7.5584145   -11.066655   -5.5590205
   1.1484375   -70.055817   -2.2647629   -1.3677665   -7.5581713   -11.065464   -5.5534391
   1.1523438   -70.061935   -2.2619431   -1.3774805   -7.5583572   -11.068432   -5.5632505
     1.15625   -70.067856   -2.2518606   -1.3823011   -7.5586987   -11.071984   -5.5723143
   1.1601562   -70.072853   -2.2451472   -1.3799587   -7.5587816   -11.071903   -5.5653863
   1.1640625    -70.07682     -2.25003   -1.3743337   -7.5586581   -11.067537   -5.5550799
   1.1679688   -70.080292   -2.2659268   -1.3708477   -7.5585523    -11.06221    -5.558476
    1.171875   -70.083511     -2.28319   -1.3726604   -7.5584316   -11.059879   -5.5671325
   1.1757812   -70.086266   -2.2907653   -1.3802913   -7.5583067   -11.062344   -5.5647659
   1.1796875   -70.088417   -2.2854161   -1.3908182   -7.5583777   -11.068931   -5.5580397
   1.1835938   -70.090042   -2.2745917   -1.3976377    -7.558579   -11.076181   -5.5628262
      1.1875   -70.091217   -2.2698226   -1.3956641   -7.5584955    -11.07823   -5.5721302
   1.1914062   -70.092018   -2.2773824   -1.3877871    -7.558145   -11.071668   -5.5670838
   1.1953125   -70.092361   -2.2939491   -1.3830889   -7.5581369   -11.060868   -5.5525556
   1.1992188   -70.092064    -2.309211   -1.3871744   -7.5585408    -11.05539   -5.5513453
    1.203125   -70.091286   -2.3133922   -1.3964477    -7.558742   -11.060499   -5.5652928
   1.2070312   -70.090263   -2.3052084   -1.4039439   -7.5585394   -11.071649   -5.5720234
   1.2109375   -70.088829   -2.2934792   -1.4071499   -7.5584359   -11.079213   -5.5633998
   1.2148438   -70.086517   -2.2899346   -1.4063032   -7.5586205   -11.077413   -5.5572653
     1.21875   -70.083435   -2.2995455   -1.4010589   -7.5587106   -11.068834   -5.5628757
   1.2226562   -70.080429   -2.3164196   -1.3952118   -7.5584784   -11.061139   -5.5653801
   1.2265625   -70.078018   -2.3293111   -1.3974108   -7.5581398   -11.060384   -5.5567617
   1.2304688   -70.075325   -2.3309703   -1.4091221   -7.5579052   -11.066854   -5.5526967
    1.234375   -70.071182   -2.3228083   -1.4195137   -7.5577521   -11.075304    -5.562767
   1.2382812   -70.065834   -2.3126917   -1.4198365   -7.5577049   -11.079264   -5.5707078
   1.2421875   -70.060387   -2.3102801   -1.4144418   -7.5577765   -11.075743   -5.5630612
   1.2460938   -70.055122   -2.3205492   -1.4112294   -7.5578094   -11.067269    -5.553072
        1.25   -70.049599    -2.338547   -1.4108709   -7.5576596   -11.059986   -5.5556364
   1.2539062   -70.043602   -2.3519752   -1.4121979   -7.5574718   -11.059259   -5.5613303
   1.2578125   -70.037148   -2.3519382   -1.4182986   -7.5574865   -11.065767   -5.5571775
   1.2617188   -70.030174   -2.3411355   -1.4286638   -7.5577321   -11.074618    -5.552443
    1.265625   -70.022697   -2.3303139   -1.4333317   -7.5580568    -11.07888   -5.5595822
   1.2695312   -70.014893   -2.3284872   -1.4255348   -7.5582347   -11.075441   -5.5676446
   1.2734375   -70.006927   -2.3376999   -1.4144218   -7.5580378   -11.067434   -5.5611749
   1.2773438   -69.998695   -2.3531258   -1.4136797   -7.5575504   -11.060702   -5.5500336
     1.28125   -69.990097   -2.3649671   -1.4222176   -7.5572319   -11.059085   -5.5525341
   1.2851562    -69.98127   -2.3645973   -1.4284286   -7.5573039   -11.062897   -5.5625935
   1.2890625   -69.972198   -2.3525558   -1.4291767   -7.5574679   -11.069766   -5.5621305
   1.2929688   -69.962524   -2.3397048   -1.4298329   -7.5575271   -11.075412   -5.5547647
    1.296875   -69.952316   -2.3379841   -1.4291518   -7.5575747    -11.07607   -5.5569906
   1.3007812   -69.941971   -2.3496644   -1.4222039   -7.5576158   -11.072415   -5.5648818
   1.3046875   -69.931526   -2.3652225    -1.415508   -7.5576329   -11.069109   -5.5619192
   1.3085938   -69.920639   -2.3721294   -1.4200323   -7.5578108   -11.068789   -5.5525188
      1.3125   -69.909523   -2.3653653   -1.4314841    -7.558115   -11.069274   -5.5550475
   1.3164062   -69.898529   -2.3502738   -1.4349803   -7.5582876   -11.068451   -5.5662699
   1.3203125   -69.887161    -2.337796   -1.4274775   -7.5582457    -11.06806    -5.565702
   1.3242188   -69.874718   -2.3367753   -1.4198284   -7.5581474   -11.069954   -5.5538688
    1.328125    -69.86174    -2.347748   -1.4181927   -7.5579472   -11.071999   -5.5523376
   1.3320312   -69.849266   -2.3621311   -1.4184765   -7.5575237   -11.071356   -5.5638986
   1.3359375    -69.83712   -2.3683877   -1.4188031   -7.5571389   -11.069304   -5.5673575
   1.3398438   -69.824394   -2.3611169    -1.422839   -7.5571589   -11.068554   -5.5568681
     1.34375   -69.811066   -2.3458104   -1.4282197   -7.5574193   -11.068334   -5.5519252
   1.3476562   -69.797821   -2.3341842   -1.4255085   -7.5574088   -11.066538   -5.5599918
   1.3515625   -69.784996   -2.3343687   -1.4144083   -7.5571165   -11.064971   -5.5635519
   1.3554688   -69.772102   -2.3447571    -1.407805   -7.5570188   -11.067415   -5.5556583
    1.359375   -69.758797   -2.3560925   -1.4129134   -7.5572681   -11.073086   -5.5533094
   1.3632812   -69.745346   -2.3586502   -1.4213922   -7.5575285   -11.076623   -5.5623822
   1.3671875   -69.732048   -2.3492134   -1.4242667    -7.557591   -11.075268   -5.5642705
   1.3710938   -69.718475   -2.3336267   -1.4228545   -7.5576043   -11.072333    -5.552156
       1.375    -69.70417   -2.3231695   -1.4199834   -7.5576653   -11.071904   -5.5468059
   1.3789062   -69.689293   -2.3255181   -1.4148383   -7.5575953   -11.073639    -5.558836
   1.3828125   -69.674324   -2.3371303   -1.4102472   -7.5573502   -11.074755   -5.5678473
   1.3867188   -69.659592   -2.3459241   -1.4122927    -7.557107   -11.074258   -5.5588326
    1.390625   -69.645203   -2.3423975   -1.4200312   -7.5569186   -11.072767   -5.5479293
   1.3945312   -69.631012   -2.3276126   -1.4252485   -7.5567865   -11.070757   -5.5513973
   1.3984375   -69.616745   -2.3115675    -1.423861   -7.5567942   -11.069436   -5.5584297
   1.4023438   -69.602257   -2.3047884   -1.4199456   -7.5569086   -11.070954   -5.5559998
     1.40625   -69.587608   -2.3097911   -1.4180053   -7.5569053   -11.075474   -5.5530143
   1.4101562   -69.572937   -2.3197658    -1.418414   -7.5568004   -11.079468   -5.5582795
   1.4140625   -69.558205    -2.324635    -1.421304    -7.556848   -11.079333   -5.5605879
   1.4179688   -69.543335   -2.3182316   -1.4277794   -7.5570002   -11.075425   -5.5521326
    1.421875   -69.528427   -2.3022835   -1.4347016   -7.5569177   -11.071317   -5.5469141
   1.4257812   -69.513672   -2.2861741   -1.4360957   -7.5566454    -11.06992   -5.5547543
   1.4296875   -69.498962    -2.280076   -1.4324945   -7.5565538    -11.07181   -5.5614057
   1.4335938   -69.483849   -2.2860386   -1.4305998   -7.5566502   -11.076162   -5.5552802
      1.4375   -69.468407   -2.2957573   -1.4330027   -7.5566263   -11.080983   -5.5496435
   1.4414062   -69.453239   -2.2981312   -1.4366002   -7.5565343   -11.083222   -5.5560427
   1.4453125   -69.438477     -2.28895   -1.4398454   -7.5566545   -11.080737   -5.5608807
   1.4492188   -69.423615   -2.2734866    -1.443269   -7.5568504   -11.074653   -5.5523415
    1.453125   -69.408386   -2.2609544   -1.4446118    -7.556787   -11.069589   -5.5452919
   1.4570312   -69.393181   -2.2576358   -1.4414413   -7.5566535   -11.070271   -5.5534616
   1.4609375   -69.378304   -2.2628071   -1.4375236   -7.5568676   -11.076642   -5.5617499
   1.4648438   -69.363335   -2.2690005    -1.439173   -7.5572748   -11.082947   -5.5542474
     1.46875   -69.347862   -2.2680752   -1.4458511   -7.5574284   -11.083168   -5.5453553
   1.4726562   -69.332489   -2.2582719   -1.4508903   -7.5572729   -11.077235   -5.5526772
   1.4765625   -69.318039   -2.2449741   -1.4511813   -7.5571408   -11.070962   -5.5622993
   1.4804688   -69.304276   -2.2352619   -1.4497486   -7.5571766   -11.069908   -5.5543056
    1.484375   -69.290245    -2.232698   -1.4489961   -7.5572577   -11.074249   -5.5414662
   1.4882812   -69.275421   -2.2354386   -1.4480329   -7.5572066   -11.080281   -5.5470147
   1.4921875   -69.260117   -2.2378116   -1.4480186   -7.5571074   -11.084233   -5.5617962
   1.4960938   -69.245018   -2.2340195   -1.4528819   -7.5571427   -11.083991   -5.5604916
         1.5     -69.2304   -2.2229934   -1.4611906   -7.5571856   -11.079678   -5.5466189
   1.5039062   -69.216003   -2.2099259   -1.4649467   -7.5569944   -11.074329   -5.5440936
   1.5078125   -69.201714   -2.2018003   -1.4611267   -7.5567698   -11.072835    -5.554018
   1.5117188   -69.187614   -2.2011263    -1.456961    -7.556756   -11.077332   -5.5565491
    1.515625   -69.173454   -2.2040329   -1.4589128   -7.5566707   -11.083887   -5.5494571
   1.5195312   -69.158829   -2.2036614   -1.4640107   -7.5563507   -11.085942   -5.5495839
   1.5234375   -69.144035   -2.1958852   -1.4673408   -7.5561781   -11.081684   -5.5579495
   1.5273438   -69.129593   -2.1826081   -1.4704274   -7.5562944   -11.075871   -5.5572863
     1.53125   -69.115273   -2.1699481   -1.4752915   -7.5562992   -11.074036   -5.5461001
   1.5351562   -69.100723   -2.1637599   -1.4773159    -7.556015   -11.076769   -5.5433102
   1.5390625   -69.086418   -2.1654067   -1.4729661   -7.5557904   -11.080993   -5.5538883
   1.5429688   -69.072723   -2.1703548   -1.4687635   -7.5558734   -11.084239   -5.5599508
    1.546875   -69.058723   -2.1710105   -1.4723723   -7.5560174   -11.085386   -5.5534201
   1.5507812   -69.043808   -2.1627874   -1.4799658   -7.5559249   -11.083937   -5.5484786
   1.5546875    -69.02887   -2.1480038   -1.4826425   -7.5557518   -11.080913   -5.5527859
   1.5585938   -69.014801   -2.1343927   -1.4807017   -7.5558276   -11.079165   -5.5542374
      1.5625   -69.001053   -2.1292202   -1.4807856   -7.5560117   -11.080298   -5.5472517
   1.5664062   -68.986855   -2.1338527   -1.4825923   -7.5560207   -11.082393   -5.5455375
   1.5703125   -68.972534   -2.1418817   -1.4807336   -7.5558925   -11.083045   -5.5552649
   1.5742188   -68.958771   -2.1432276   -1.4769002   -7.5558391   -11.082999   -5.5605383
    1.578125   -68.945412    -2.133234   -1.4778985   -7.5558267   -11.084018   -5.5514355
   1.5820312   -68.931885   -2.1175125   -1.4833221   -7.5557494   -11.084943   -5.5429997
   1.5859375   -68.918037   -2.1059036   -1.4852195   -7.5557127   -11.083459   -5.5487957
   1.5898438   -68.904282   -2.1033039   -1.4802047   -7.5558367   -11.080668   -5.5574322
     1.59375   -68.891121   -2.1076849     -1.47456   -7.5558896   -11.080295    -5.554193
   1.5976562   -68.878731   -2.1131995    -1.474601   -7.5557222   -11.083026    -5.546473
   1.6015625   -68.866997   -2.1135943   -1.4776479   -7.5556898   -11.085309   -5.5474687
   1.6054688   -68.855675   -2.1049294   -1.4778674   -7.5561342    -11.08501   -5.5523367
    1.609375   -68.844482    -2.089469   -1.4763306   -7.5566607   -11.084284   -5.5508633
   1.6132812   -68.833328   -2.0757127    -1.477026   -7.5565677   -11.085215   -5.5477614
   1.6171875   -68.822395   -2.0714161   -1.4775152   -7.5559506   -11.086353   -5.5510659
   1.6210938    -68.81205   -2.0757086   -1.4733987   -7.5556169   -11.085962    -5.554616
       1.625   -68.802299   -2.0807197   -1.4681101   -7.5558748   -11.085398   -5.5503044
   1.6289062   -68.792717   -2.0795529    -1.468534   -7.5562344   -11.086526   -5.5447812
   1.6328125   -68.783173   -2.0712216   -1.4730723   -7.5562735   -11.088332   -5.5469117
   1.6367188   -68.774269   -2.0591607   -1.4736065   -7.5560627   -11.088264   -5.5512891
    1.640625   -68.766502   -2.0483687   -1.4682984   -7.5557866      -11.086   -5.5496669
   1.6445312   -68.759514   -2.0432994   -1.4633346   -7.5555339     -11.0843   -5.5464363
   1.6484375   -68.752937   -2.0450253   -1.4621627   -7.5553961    -11.08534   -5.5484099
   1.6523438   -68.747002   -2.0491366   -1.4611682   -7.5554566   -11.087565   -5.5508103
     1.65625   -68.741837   -2.0487106   -1.4580175   -7.5557241   -11.088046   -5.5473132
   1.6601562   -68.736847   -2.0404971   -1.4566606   -7.5559263   -11.086841     -5.54354
   1.6640625   -68.731506   -2.0276515   -1.4586823   -7.5558271   -11.086467   -5.5465808
   1.6679688   -68.726234   -2.0175171   -1.4580563    -7.555717   -11.087598   -5.5513511
    1.671875   -68.722046   -2.0155985   -1.4513487   -7.5558825   -11.087976   -5.5501781
   1.6757812   -68.719391   -2.0203891   -1.4445777   -7.5560446   -11.086336   -5.5465727
   1.6796875   -68.717461   -2.0246005   -1.4434228   -7.5560074   -11.084863   -5.5471654
   1.6835938   -68.715347   -2.0216501   -1.4447857   -7.5559931    -11.08629   -5.5486403
      1.6875   -68.713341    -2.010829   -1.4439696   -7.5560422   -11.089673   -5.5458703
   1.6914062    -68.71225   -1.9978226   -1.4417772   -7.5559525   -11.091189   -5.5441089
   1.6953125   -68.712051   -1.9905694   -1.4398111   -7.5557451    -11.08912   -5.5487275
   1.6992188   -68.712204   -1.9927535    -1.436808    -7.555676    -11.08586   -5.5525494
    1.703125    -68.71257   -2.0006962   -1.4329305   -7.5558467   -11.084848   -5.5481091
   1.7070312   -68.713165   -2.0064142   -1.4312159   -7.5560608   -11.086932   -5.5428095
   1.7109375   -68.713905   -2.0039942   -1.4326531   -7.5561204   -11.089941   -5.5465231
   1.7148438   -68.714966   -1.9937135   -1.4340334   -7.5560365   -11.090561   -5.5533195
     1.71875   -68.716637   -1.9817165   -1.4320879   -7.5558586   -11.087108   -5.5519619
   1.7226562   -68.718956   -1.9750389   -1.4271833   -7.5555463   -11.081727   -5.5454803
   1.7265625    -68.72187   -1.9766052   -1.4224999   -7.5551772   -11.079633   -5.5442877
   1.7304688   -68.725319   -1.9833614   -1.4207828   -7.5550222   -11.084201   -5.5478716
    1.734375   -68.729179   -1.9891127   -1.4218661   -7.5552864   -11.092609   -5.5483332
   1.7382812   -68.733612   -1.9891832    -1.422684   -7.5557556    -11.09799   -5.5463476
   1.7421875   -68.738487   -1.9835935   -1.4202441   -7.5559244   -11.096312   -5.5487776
   1.7460938   -68.743095   -1.9763094    -1.415138   -7.5556402   -11.090216   -5.5531678
        1.75   -68.747253   -1.9719386   -1.4105908   -7.5553761    -11.08541   -5.5502996
   1.7539062   -68.751862   -1.9723275   -1.4083687   -7.5555482    -11.08449   -5.5418549
   1.7578125   -68.757599   -1.9756484   -1.4080478   -7.5559001   -11.086081   -5.5403223
   1.7617188   -68.764153   -1.9782819   -1.4093846   -7.5559516   -11.088895   -5.5486484
    1.765625   -68.770927   -1.9773933   -1.4117686   -7.5557089   -11.092811   -5.5542235
   1.7695312   -68.777847   -1.9728534   -1.4120705   -7.5555115   -11.095468   -5.5493503
   1.7734375   -68.785019   -1.9676627   -1.4077522   -7.5554204   -11.092973   -5.5432067
   1.7773438   -68.792374   -1.9658034   -1.4016695   -7.5553498   -11.086306   -5.5446467
     1.78125   -68.799965   -1.9685249   -1.3988941   -7.5553718    -11.08256   -5.5479512
   1.7851562   -68.808212    -1.973038   -1.4003271   -7.5555234   -11.086558   -5.5462227
   1.7890625   -68.817215   -1.9748805   -1.4031473   -7.5555768   -11.094251   -5.5446482
   1.7929688    -68.82621    -1.972471    -1.404871   -7.5554662   -11.097602   -5.5482674
    1.796875   -68.834808    -1.968748    -1.404368   -7.5555215   -11.094147   -5.5498042
   1.8007812   -68.843613   -1.9678051   -1.4014871   -7.5558858   -11.088553    -5.543602
   1.8046875   -68.853043   -1.9708115   -1.3975112    -7.556138   -11.085649     -5.53901
   1.8085938   -68.862694   -1.9759789   -1.3949301   -7.5560193   -11.086307   -5.5448914
      1.8125   -68.872704   -1.9803914   -1.3959922   -7.5558262   -11.089503   -5.5526447
   1.8164062   -68.883789   -1.9813087   -1.4002857   -7.5557671   -11.093853   -5.5501313
   1.8203125   -68.895401   -1.9781897   -1.4037681   -7.5557156   -11.096375   -5.5423784
   1.8242188   -68.906052   -1.9740356   -1.4024208   -7.5556312   -11.094419   -5.5422955
    1.828125   -68.915886   -1.9735478   -1.3972288   -7.5556369   -11.090195     -5.54842
   1.8320312   -68.926521   -1.9783913   -1.3930668   -7.5557365   -11.088812   -5.5490193
   1.8359375    -68.93824   -1.9849453   -1.3926938   -7.5558248   -11.091203   -5.5434241
   1.8398438   -68.949936   -1.9880095   -1.3948442   -7.5558176   -11.093098   -5.5423617
     1.84375   -68.961166   -1.9863981    -1.397699   -7.5557709   -11.092057   -5.5482984
   1.8476562   -68.972595   -1.9831525   -1.4003644   -7.5557961   -11.090628   -5.5514145
   1.8515625   -68.984772   -1.9819611   -1.4011967   -7.5558257   -11.090964   -5.5469174
   1.8554688   -68.997574   -1.9844798    -1.398453   -7.5557785   -11.091428   -5.5418639
    1.859375   -69.010406   -1.9905286   -1.3939834   -7.5557857   -11.090724   -5.5421515
   1.8632812   -69.022743    -1.998261   -1.3932374   -7.5559587   -11.090894   -5.5451155
   1.8671875   -69.034752   -2.0038164   -1.3985386   -7.5560265   -11.092912   -5.5468225
   1.8710938   -69.047218   -2.0035119   -1.4047771   -7.5557537   -11.093731    -5.547008
       1.875   -69.060387   -1.9983755   -1.4057461   -7.5554614   -11.091261    -5.545857
   1.8789062   -69.073692   -1.9943401   -1.4021119      -7.5555   -11.088635   -5.5434952
   1.8828125   -69.086693   -1.9964814   -1.3983412   -7.5556645   -11.089755   -5.5424547
   1.8867188    -69.09964   -2.0044365   -1.3961657    -7.555728   -11.093076   -5.5442677
    1.890625   -69.112724   -2.0134373   -1.3958936   -7.5558233   -11.094118   -5.5458336
   1.8945312   -69.125732    -2.019083   -1.3983119   -7.5559969   -11.091852   -5.5444775
   1.8984375   -69.138565   -2.0203753   -1.4017888   -7.5560489   -11.089223    -5.542232
   1.9023438   -69.151482   -2.0192244   -1.4025298   -7.5559239   -11.088506   -5.5413666
     1.90625   -69.164848   -2.0186265   -1.3993721   -7.5558252   -11.089327   -5.5412941
   1.9101562   -69.178497   -2.0217946   -1.3950521   -7.5558939   -11.090962   -5.5422277
   1.9140625   -69.192009   -2.0299258   -1.3926872   -7.5560575   -11.093618   -5.5457468
   1.9179688   -69.205345   -2.0402565    -1.393463   -7.5561991    -11.09647   -5.5494056
    1.921875   -69.218788   -2.0476851   -1.3960626    -7.556241   -11.096696   -5.5479054
   1.9257812   -69.232323   -2.0493062   -1.3971517   -7.5561099   -11.092684   -5.5422173
   1.9296875   -69.245766   -2.0470095   -1.3946971     -7.55586   -11.087403   -5.5399785
   1.9335938   -69.259476   -2.0462217   -1.3900584   -7.5557437   -11.086692   -5.5437393
      1.9375   -69.273849   -2.0513306   -1.3859617   -7.5558963   -11.092635   -5.5468578
   1.9414062   -69.288269   -2.0615306   -1.3838812   -7.5560889   -11.099912   -5.5454111
   1.9453125    -69.30191   -2.0713229   -1.3836468   -7.5560875   -11.101407   -5.5449729
   1.9492188   -69.315102   -2.0758448   -1.3846214   -7.5559325   -11.096095   -5.5489583
    1.953125   -69.328629    -2.074959    -1.386054   -7.5558233   -11.089211   -5.5501809
   1.9570312   -69.342384   -2.0723982   -1.3860455   -7.5558505   -11.086049   -5.5435557
   1.9609375   -69.355804   -2.0723042   -1.3825762    -7.556035   -11.087921   -5.5379143
   1.9648438   -69.368881   -2.0768235    -1.377318   -7.5563521   -11.093166    -5.543047
     1.96875   -69.381973   -2.0852456   -1.3753549   -7.5565362   -11.099217   -5.5522819
   1.9726562   -69.394867   -2.0942535   -1.3779049   -7.5563016    -11.10312   -5.5521154
   1.9765625    -69.40728   -2.0999262   -1.3796904   -7.5558305   -11.102083   -5.5442462
   1.9804688   -69.419731   -2.1004186     -1.37699   -7.5556521    -11.09625   -5.5422664
    1.984375   -69.432869   -2.0978484   -1.3727396   -7.5558562   -11.089609   -5.5483289
   1.9882812   -69.446548   -2.0975897   -1.3698297    -7.556129   -11.086681   -5.5500193
   1.9921875   -69.460411    -2.103658   -1.3661766   -7.5562553   -11.088852   -5.5429659
   1.9960938   -69.474373   -2.1144013   -1.3611486   -7.5562439    -11.09421   -5.5396376