2.3132e-07 -1.5351e-08
3.6868e-06 -6.0241e-07   1.293e-08
4.9217e-05 -1.3008e-05  8.3729e-07 -7.5609e-09
0.00057029 -0.00020872  2.3448e-05 -8.1155e-07  3.1778e-09
0.005824  -0.0027223  0.00044156 -2.8751e-05  6.2122e-07  -9.556e-10
0.052774   -0.029979   0.0063802 -0.00062373  2.7258e-05 -4.1132e-07   1.994e-10
0.42497    -0.28359    0.074758  -0.0098291  0.00066746 -2.1634e-05  2.5211e-07 -2.7113e-11
3.032     -2.3177       0.728    -0.12062     0.01125 -0.00058141  1.5098e-05 -1.4749e-07  2.1232e-12
19.0037     -16.3068      5.93158     -1.18598     0.141389   -0.0101905  0.000428274 -9.43965e-06  8.16278e-08 -7.06852e-14
102.8876      -97.3321      40.06226     -9.361521       1.36025     -0.126584   0.007483814   -0.00026833   5.22349e-06 -4.125225e-08 -2.453371e-20
82.7219            0     -41.4909      22.6988     -5.94823      0.91893   -0.0887801   0.00537979 -0.000196171  3.86355e-06 -3.07524e-08  4.30562e-20
