0.0013835 -8.8012e-05
0.019596   -0.003048   6.231e-05
0.21699   -0.054008   0.0032993 -2.8029e-05
1.9172    -0.65012    0.068547  -0.0022437  8.0715e-06
13.3463     -5.62819     0.840067   -0.0510725   0.00103965  -1.4005e-06
69.5646      -33.848      6.37038    -0.564159     0.022757 -0.000321412  1.21971e-07
231.8782     -113.9658      23.29956     -2.473867     0.1403514  -0.003920096  4.057808e-05 -1.619715e-09
128.8733      115.3039     -70.96893      14.99504     -1.577936    0.08726895  -0.002358825  2.359342e-05 -3.770384e-10
-3366.2801      3554.5221     -1345.9572      268.07031      -31.41744      2.2199211   -0.091585393   0.0019877028 -1.6991542e-05  1.1576096e-11
-16849.8613      15685.9758     -5677.01414      1158.58647     -148.924251      12.4684265    -0.674590173    0.0224971579 -0.000413673552    3.132464e-06  3.25030024e-18
-13547.3255               0      6540.89296     -2833.40163      599.593251     -76.6494429      6.27729421    -0.330014786    0.0106796439 -0.000190957293  1.41290401e-06 -5.71869384e-18
