2.3807e-06 -1.5703e-07
3.7279e-05 -6.0496e-06  1.2894e-07
0.00048421 -0.00012697  8.1144e-06 -7.2651e-08
0.0053996  -0.0019579   0.0002182 -7.4969e-06  2.9023e-08
0.052392   -0.024221    0.003892 -0.00025138  5.3923e-06   -8.16e-09
0.44406    -0.24887    0.052371  -0.0050718   0.0002199  -3.296e-06  1.5586e-09
3.2777     -2.1502     0.55894   -0.072647   0.0048868 -0.00015719  1.8209e-06 -1.8845e-10
20.8465     -15.5793      4.80493    -0.784394    0.0722788  -0.00369977  9.53578e-05 -9.26493e-07  1.25645e-11
111.6994     -92.82287      32.90803     -6.445024     0.7556583   -0.05374111   0.002234947  -4.88681e-05  4.201912e-07 -3.304692e-13
481.0223     -432.1959      170.7149     -38.59056      5.459151    -0.4971758    0.02889011  -0.001021831  1.968532e-05    -1.543e-07 -1.026683e-19
386.743             0     -171.1261      89.53673     -22.63267      3.395882    -0.3204341    0.01905332 -0.0006844697  1.332732e-05 -1.052107e-07  1.883781e-19
