0.00018622 -1.2043e-05
0.0027587 -0.00043764  9.1193e-06
0.032838  -0.0083802  0.00052293 -4.5523e-06
0.32315    -0.11332    0.012277 -0.00041136  1.5326e-06
2.6376      -1.168     0.18119   -0.011363  0.00023753  -3.393e-07
17.6048     -9.30593      1.86846    -0.174181   0.00732077  -0.00010692  4.59919e-08
92.3831     -55.5159      13.4624      -1.6552     0.106504  -0.00330773   3.7301e-05 -3.24804e-09
344.002     -218.7893      59.25587     -8.704916     0.7363168   -0.03518896  0.0008597789 -8.036214e-06  6.904422e-11
583.7865     -250.0804      34.62531     0.4590577    -0.6559777    0.07768548  -0.004171709   0.000105996 -9.978957e-07  1.649973e-12
-2401.6611      3299.3616     -1565.8788      391.60541     -58.976424      5.5992062    -0.33487788    0.012088818 -0.00023627933   1.870439e-06  9.9145051e-19
-1930.9408              0      1995.8855     -1160.5702      311.93044      -48.67488      4.7167656    -0.28576452    0.010404432 -0.00020453492   1.625345e-06 -1.9082425e-18
