2.2222e-05 -1.4536e-06
0.00033989 -5.4641e-05  1.1537e-06
0.0042555  -0.0011036  6.9842e-05 -6.1807e-07
0.045049   -0.016119   0.0017761 -6.0404e-05   2.302e-07
0.40727     -0.1852    0.029354  -0.0018741  3.9789e-05 -5.8838e-08
3.1391     -1.7224     0.35623   -0.034011   0.0014574 -2.1629e-05  9.8637e-09
20.3658     -12.9804      3.29689    -0.420556    0.0278659 -0.000885634  1.01644e-05 -9.91252e-10
107.9464     -77.27874      23.03454     -3.659103     0.3298905   -0.01659681  0.0004221116 -4.062177e-06  4.963409e-11
436.402     -336.1522       112.158     -20.91825      2.357776    -0.1624608   0.006589731 -0.0001413689  1.199226e-06 -7.456029e-13
1085.2795     -790.73116      258.44012     -49.156641      5.9398697     -0.4688605    0.023971223 -0.00075819091  1.3300871e-05  -9.693713e-08 -1.4257099e-19
872.5671             0     -201.7072      75.28641     -13.15255      1.284735   -0.07009702   0.001777531  2.961134e-06 -1.044018e-06  1.381769e-08  1.315498e-19
